ST	penA	mtrR	porB	ponA	gyrA	parC	23S
1	22.001	10	13	100	100	2	100
2	15.001	14	14	100	100	7	100
3	2.001	1	13	1	5	1	100
4	10.001	19	8	1	2	5	100
5	7.001	25	8	1	2	11	100
6	2.001	19	8	1	1	1	100
7	2.001	26	13	1	1	12	100
8	12.001	1	8	1	100	7	100
9	2.001	32	2	100	100	100	100
10	5.003	1	12	1	1	3	100
11	1.002	5	100	100	100	100	100
12	22.001	10	5	1	100	1	100
13	15.001	5	14	100	100	2	100
14	12.001	22	8	1	100	1	100
15	10.001	19	8	1	5	2	100
16	42.001	1	11	1	1	3	100
17	100.001	18	14	100	100	1	100
18	100.001	18	14	100	3	1	100
19	1.001	4	100	100	100	1	100
20	1.001	5	100	100	100	1	100
21	1.001	7	1	100	100	2	100
22	10.001	1	8	1	1	3	100
23	10.001	19	11	1	5	2	100
24	27.001	25	8	1	9	1	100
25	10.001	33	12	1	2	5	100
26	12.001	1	8	1	1	3	100
27	12.001	1	8	1	1	3	2
28	12.001	1	8	1	2	4	100
29	12.001	1	8	3	1	3	100
30	12.001	1	8	3	1	3	1
31	12.001	1	8	4	1	14	100
32	12.001	1	8	4	1	3	100
33	12.001	34	8	1	1	3	100
34	12.001	35	8	3	100	7	100
35	12.002	1	8	1	1	3	2
36	12.003	1	8	1	1	3	1
37	13.001	1	8	1	1	3	100
38	13.001	19	8	1	1	9	100
39	13.001	19	8	1	1	9	2
40	3.001	22	8	1	2	3	2
41	13.001	36	8	1	3	7	100
42	14.001	10	3	100	100	1	100
43	14.001	10	3	100	100	1	6
44	14.002	28	1	100	100	7	100
45	15.001	18	1	100	100	2	100
46	15.001	9	1	100	100	7	100
47	15.002	25	1	1	100	2	100
48	15.002	25	1	1	100	2	2
49	15.002	25	1	1	8	2	100
50	17.001	37	8	1	1	10	100
51	18.001	19	8	1	7	3	100
52	19.001	25	6	100	100	2	100
53	19.001	38	1	1	7	15	100
54	2.001	23	1	100	100	100	100
55	2.001	24	1	100	100	2	100
56	2.001	24	13	100	100	2	100
57	2.001	25	3	100	100	100	2
58	2.001	27	1	100	100	100	100
59	2.001	30	11	100	100	100	100
60	2.001	31	1	100	100	100	100
61	2.001	5	3	100	100	100	2
62	2.001	9	100	100	100	100	2
63	2.001	9	1	100	100	100	100
64	2.001	9	1	100	100	100	2
65	2.001	9	1	100	1	100	100
66	2.001	9	1	2	100	100	100
67	2.001	9	11	100	100	100	100
68	2.001	9	11	100	100	100	2
69	2.002	1	12	1	7	6	1
70	2.002	1	13	1	2	13	100
71	2.002	19	1	1	7	3	100
72	2.002	19	11	1	7	3	100
73	2.002	19	8	1	7	3	100
74	2.002	25	3	100	100	100	2
75	2.003	9	1	100	1	100	100
76	21.001	19	8	1	7	8	100
77	22.004	100	3	100	100	1	2
78	22.005	100	3	100	100	1	2
79	22.001	100	3	100	100	1	2
80	22.001	1	3	100	100	1	2
81	22.002	11	100	100	100	2	100
82	22.001	12	100	100	100	7	100
83	22.001	13	3	100	100	1	100
84	22.001	15	100	100	100	7	100
85	22.001	15	3	100	100	1	100
86	22.001	19	6	1	100	2	100
87	22.001	6	100	100	6	1	100
88	34.001	100	11	1	1	3	100
89	34.001	1	1	1	1	3	100
90	34.001	1	11	1	1	3	100
91	34.001	1	11	1	1	3	2
92	34.001	1	11	1	1	3	5
93	34.001	1	11	3	1	3	100
94	34.001	1	11	5	1	3	100
95	34.002	1	1	1	1	3	100
96	34.002	1	11	1	1	16	100
97	34.002	1	11	1	1	3	100
98	34.002	1	11	1	1	3	2
99	34.002	1	11	3	1	3	100
100	34.003	1	11	1	1	3	100
101	34.004	1	11	1	1	3	100
102	35.001	1	11	1	1	3	100
103	35.002	1	11	1	1	3	100
104	4.001	19	8	1	100	1	100
105	4.001	25	1	1	5	2	2
106	4.001	25	12	1	5	2	100
107	4.001	25	4	1	5	2	2
108	4.001	20	8	100	100	100	100
109	4.001	21	8	1	100	1	100
110	40.001	5	100	100	4	1	100
111	41.002	1	11	1	1	3	100
112	42.001	1	12	1	7	6	1
113	43.001	1	9	1	7	3	100
114	43.002	1	8	1	7	2	100
115	44.001	16	10	1	1	10	2
116	45.001	8	100	100	6	1	100
117	46.001	19	8	1	100	1	100
118	47.001	25	1	100	100	100	2
119	48.001	100	3	100	100	1	2
120	48.001	13	3	100	100	1	100
121	49.001	16	10	1	1	10	100
122	5.001	1	1	1	1	3	100
123	5.002	1	1	1	1	3	2
124	5.002	1	11	1	1	3	100
125	41.001	1	11	1	1	3	2
126	5.002	1	3	1	1	3	4
127	5.002	1	8	1	1	3	100
128	5.002	1	8	1	1	3	2
129	5.002	2	8	100	1	3	100
130	5.004	1	1	1	1	3	2
131	50.001	1	8	1	1	3	100
132	51.001	1	11	3	1	3	100
133	54.001	19	8	1	1	9	100
134	55.001	1	11	1	1	3	100
135	56.001	19	8	1	1	9	100
136	58.001	1	11	1	1	3	100
137	9.001	1	100	1	100	2	100
138	9.001	1	7	1	100	2	100
139	9.001	1	8	1	100	2	100
140	9.001	1	8	1	100	2	3
141	9.001	25	100	1	100	2	100
142	9.001	25	1	1	100	2	100
143	9.001	25	10	1	100	2	100
144	9.001	25	3	100	100	2	100
145	12.001	1	8	4	1	3	2
146	1.003	5	100	100	100	1	100
147	9.001	1	8	1	100	2	2
148	5.002	1	8	1	7	3	2
149	5.002	1	12	1	1	3	2
150	41.001	1	11	1	1	3	100
151	5.002	1	1	1	1	3	100
152	52.001	1	11	1	1	3	100
153	22.001	11	100	100	100	2	100
154	53.001	1	11	1	1	3	100
155	57.001	19	8	1	1	9	100
156	53.002	1	11	1	1	3	100
157	14.001	10	3	100	100	100	100
158	44.001	16	10	1	1	10	100
159	38.001	10	3	100	100	1	100
160	14.002	29	1	100	100	7	6
161	14.002	5	1	100	100	7	6
162	14.001	1	100	1	100	2	100
163	5.002	1	3	1	1	1	100
165	44.001	16	11	1	1	10	100
167	44.001	9	13	100	100	100	100
168	2.001	39	11	100	7	4	100
169	22.001	25	1	100	100	1	100
170	34.006	40	3	100	7	4	100
171	14.003	28	1	100	100	7	6
172	14.002	28	1	100	100	7	6
173	2.001	41	15	100	100	17	100
174	14.001	29	4	100	100	7	100
175	13.001	19	1	1	1	9	100
176	2.002	39	100	100	10	2	100
177	12.004	1	8	1	1	3	100
178	14.001	29	1	100	100	7	100
179	14.001	29	1	100	100	7	2
180	18.001	19	4	1	7	3	8
181	2.001	19	100	1	100	2	100
182	2.001	25	3	100	100	100	100
183	2.001	9	1	100	100	100	9
184	2.001	9	1	100	100	2	100
185	2.001	9	8	100	100	100	2
186	2.002	19	8	100	1	18	100
187	2.004	25	3	100	100	100	2
188	2.005	9	100	100	100	100	100
189	2.006	43	14	100	100	100	100
190	22.001	25	100	100	100	2	100
191	14.001	29	3	100	100	7	100
192	2.001	25	3	100	100	100	1
193	2.001	39	11	100	100	100	100
194	34.001	1	8	1	1	3	100
195	34.001	44	1	1	1	3	100
196	34.001	9	11	1	1	3	100
197	61.001	1	11	1	1	3	100
198	9.001	25	16	1	100	2	100
199	5.002	1	8	1	7	3	100
200	43.002	16	13	1	7	3	100
201	18.001	19	8	1	1	9	100
202	2.002	19	8	1	7	3	1
203	18.001	1	8	1	7	15	2
204	9.001	1	8	1	1	15	100
205	15.002	25	1	100	100	2	100
206	100.001	13	100	100	100	1	100
207	2.002	11	100	100	100	2	100
208	2.001	1	13	1	1	3	100
209	12.001	1	3	1	1	3	100
210	2.001	27	1	100	100	100	2
211	2.001	39	100	100	100	100	100
212	2.001	39	14	100	100	100	100
213	2.001	39	1	100	100	100	100
214	62.001	3	1	100	100	2	2
215	1.001	5	11	100	100	1	100
216	2.001	48	100	100	100	19	10
217	14.001	49	3	100	7	20	100
218	5.002	2	8	1	1	3	100
219	2.001	46	1	100	100	1	100
220	46.001	16	3	1	100	2	100
221	21.001	47	8	1	7	21	100
222	63.001	1	100	1	100	2	2
223	2.001	9	1	100	100	100	1
224	2.001	50	1	1	100	1	2
225	5.002	1	8	1	1	3	1
226	37.001	1	8	1	2	5	100
227	64.001	51	8	1	2	5	100
228	14.001	10	10	100	100	1	100
229	2.002	10	100	100	1	3	100
230	22.006	15	100	100	100	7	100
231	2.002	42	100	100	10	2	100
232	10.001	25	12	1	2	5	100
233	60.001	1	8	1	7	3	100
234	22.001	5	1	100	100	2	100
235	22.001	25	5	1	100	2	100
236	19.001	19	5	100	100	1	100
237	100.001	5	100	100	100	1	100
238	22.001	19	14	1	100	2	100
239	22.001	25	100	100	100	1	100
240	2.001	25	1	100	100	100	100
241	2.001	9	3	100	1	3	100
242	2.001	1	11	100	100	100	100
243	12.001	19	11	1	100	1	100
244	2.001	2	8	100	100	100	100
245	2.001	9	3	1	100	100	100
246	2.001	1	1	100	100	100	100
247	19.001	38	12	1	7	15	100
248	19.001	38	3	1	7	15	100
249	19.001	38	1	1	7	3	100
250	34.001	1	3	1	1	3	100
251	34.001	25	1	100	100	100	100
252	21.001	1	12	1	1	3	100
253	2.002	1	1	1	1	3	100
254	34.001	1	12	1	1	3	100
255	34.001	2	8	1	1	3	100
256	34.001	1	14	1	1	3	100
257	5.002	50	8	1	1	3	100
258	5.002	1	9	1	1	3	100
259	13.001	19	11	1	100	1	100
260	5.002	1	4	1	1	3	100
261	22.001	25	1	1	6	1	100
262	12.001	1	8	1	100	3	100
263	12.001	19	8	4	1	3	100
264	5.002	1	3	1	1	3	100
265	43.002	1	12	1	7	6	100
266	22.001	18	4	1	100	1	100
267	5.002	1	100	1	1	3	100
268	19.001	38	13	1	7	20	100
269	14.001	10	13	100	100	2	100
270	14.001	29	8	100	100	7	2
271	19.001	47	14	1	7	17	100
272	4.001	18	100	1	100	7	100
273	2.002	1	100	1	7	2	100
274	2.001	9	3	100	100	100	2
275	2.002	19	8	100	1	18	2
276	2.001	19	11	1	5	2	100
277	5.002	19	12	1	2	3	100
278	2.002	1	11	1	5	2	100
279	2.002	1	8	1	100	2	100
280	10.001	19	9	1	5	2	100
281	4.001	25	8	1	5	4	100
282	2.002	1	8	1	5	2	100
283	9.001	1	8	1	1	2	100
284	9.001	1	12	1	1	10	100
285	19.001	10	8	100	1	2	100
286	19.001	10	3	100	1	2	100
287	2.002	19	1	1	100	1	100
288	14.001	10	14	100	100	7	100
289	14.001	10	13	100	100	7	100
290	2.001	5	13	100	100	100	100
291	5.002	19	1	1	1	3	100
292	14.001	5	100	100	100	7	100
293	22.001	9	3	100	100	2	100
294	1.001	5	100	100	100	1	8
295	100.001	18	14	100	100	1	8
296	19.001	25	3	1	100	2	100
297	2.001	5	100	100	100	2	100
298	19.001	25	5	100	100	2	100
299	22.001	50	3	100	100	1	100
300	2.001	15	4	1	100	1	100
301	2.001	9	3	100	100	100	100
302	2.001	25	100	100	100	100	100
303	34.001	1	100	1	1	3	100
304	2.002	1	12	1	7	6	100
305	2.002	38	8	1	7	15	100
306	100.001	18	100	100	100	100	100
307	15.001	3	1	100	100	2	100
308	2.002	10	14	100	100	2	100
309	19.001	38	100	1	7	15	100
310	12.001	1	12	4	1	3	100
311	12.001	35	8	1	100	7	100
312	2.002	19	8	1	1	9	100
313	12.001	16	8	1	5	1	100
314	2.001	1	100	100	100	2	100
315	12.001	1	8	100	100	1	100
316	2.002	1	14	100	100	1	100
317	5.002	36	8	1	7	15	100
318	2.001	19	8	1	2	2	100
319	10.001	1	11	1	1	3	100
320	7.001	25	8	1	2	5	100
321	10.001	19	11	1	2	5	100
322	9.001	1	13	1	1	2	100
323	4.001	1	8	1	2	10	100
324	19.001	25	14	1	2	10	100
325	9.001	1	11	1	1	2	100
326	4.001	25	100	1	2	10	100
327	4.001	1	8	1	2	9	2
328	15.001	19	8	1	100	2	100
329	10.001	19	1	1	2	5	100
330	10.001	19	8	1	5	5	100
331	4.001	22	8	1	100	1	100
332	7.001	25	8	1	5	2	100
333	19.001	9	12	1	7	15	100
334	2.001	1	8	1	5	1	100
335	5.002	1	8	1	1	6	100
336	12.001	5	4	1	100	7	100
337	2.002	48	100	100	1	18	100
338	2.001	19	13	1	100	100	100
339	2.001	18	100	100	100	2	100
340	14.001	29	1	100	100	2	100
341	4.001	1	8	1	100	2	100
342	19.001	10	14	100	100	1	100
343	22.001	5	14	100	100	2	100
344	9.001	1	3	1	1	2	100
345	43.002	1	8	1	7	3	100
346	18.001	1	12	1	7	3	100
347	9.001	1	8	1	7	3	100
348	10.001	33	8	1	2	5	100
349	22.001	10	14	1	100	1	100
350	14.001	1	13	100	100	2	100
351	2.002	18	14	1	100	1	100
352	14.001	10	100	100	100	7	100
353	19.001	10	3	100	100	7	100
354	19.001	10	8	100	100	7	100
355	2.002	18	3	100	100	100	100
356	2.001	10	100	100	1	18	100
357	14.001	10	14	100	100	2	100
358	2.001	10	3	100	1	18	100
359	2.002	10	14	100	100	100	100
360	2.001	35	3	100	1	18	100
361	4.001	18	14	100	100	1	100
362	14.001	18	3	100	100	2	100
363	12.001	18	8	1	100	7	100
364	22.001	25	4	100	100	2	100
365	15.001	5	1	100	100	2	100
366	22.001	19	5	1	100	2	100
367	1.002	25	4	100	100	2	100
368	2.002	19	8	1	100	1	100
369	100.001	5	3	100	100	2	100
370	19.001	25	13	100	100	2	100
371	22.001	5	100	100	6	1	100
372	9.001	25	6	1	100	2	100
373	9.001	25	8	1	100	2	100
374	22.001	11	14	100	100	2	100
375	9.001	25	9	1	100	2	100
376	19.001	25	4	1	3	2	100
377	9.001	1	8	1	1	3	100
378	1.001	25	4	100	100	2	100
379	5.002	1	7	1	1	3	100
380	7.001	25	100	1	5	2	100
381	5.002	2	3	1	1	3	100
382	2.001	9	4	100	100	100	100
383	22.001	25	1	100	1	1	100
384	14.001	10	100	100	100	1	100
385	5.002	18	3	1	1	3	100
386	5.002	5	1	1	1	3	100
387	5.002	15	100	1	1	3	100
388	22.001	25	4	100	100	1	100
389	5.002	38	1	1	7	15	100
390	22.001	25	1	100	100	2	100
391	15.001	18	3	100	100	2	100
392	9.001	9	1	100	100	100	100
393	22.001	5	3	100	100	2	100
394	2.001	25	14	100	100	100	100
395	9.001	1	3	1	100	2	100
396	5.002	1	3	1	1	3	2
397	35.001	1	1	1	1	3	100
398	2.001	1	3	100	100	100	2
399	22.001	25	1	100	100	1	2
400	2.001	1	100	1	100	2	2
401	2.002	1	8	1	1	3	100
402	19.001	50	100	100	100	2	100
403	5.002	2	100	1	1	3	100
404	5.002	1	10	1	1	3	100
405	22.001	18	14	100	100	2	100
406	100.001	45	100	100	100	1	100
407	2.002	1	8	100	100	2	100
408	12.001	1	1	4	1	3	100
409	2.001	1	8	1	1	3	100
410	14.001	29	100	100	100	7	100
411	2.001	1	1	1	1	3	100
412	22.001	9	11	100	100	100	100
413	2.001	9	5	100	100	100	100
414	22.001	25	1	100	100	100	100
415	2.001	9	3	1	100	100	2
416	2.002	19	3	1	7	3	100
417	2.001	39	11	100	100	100	2
418	2.002	11	100	100	100	2	2
419	44.001	16	1	1	1	10	100
420	2.002	1	8	1	7	2	100
421	12.001	1	8	1	1	3	1
422	100.001	18	100	100	100	2	100
423	14.001	24	1	100	100	7	100
424	22.001	15	100	100	100	7	6
425	19.001	25	12	1	7	20	100
426	2.002	40	13	100	7	4	100
427	2.002	40	100	100	7	4	100
428	18.001	1	8	1	7	3	100
429	2.001	9	11	100	7	100	100
430	2.002	19	100	1	7	3	100
431	14.001	18	14	100	7	18	100
432	14.001	1	1	1	100	2	100
433	19.001	47	3	1	7	17	100
434	14.001	50	1	100	100	7	100
435	14.002	29	10	100	100	7	100
436	2.002	40	100	100	7	3	100
437	12.001	35	3	1	2	3	100
438	2.001	25	8	100	1	4	100
439	2.001	9	1	100	100	1	100
440	2.001	50	1	100	100	100	100
441	9.001	25	11	100	100	2	100
442	2.001	1	1	1	100	2	100
443	12.001	1	12	1	1	3	100
444	34.002	1	14	1	1	17	100
445	18.001	10	100	1	7	20	100
446	2.006	19	5	1	100	2	100
447	2.001	9	8	1	100	100	100
448	1.001	15	100	100	100	7	100
449	19.001	18	13	1	7	2	100
450	2.001	9	1	1	100	100	100
451	2.002	19	3	1	100	2	100
452	13.001	19	11	1	1	9	100
453	2.001	9	11	100	100	1	100
454	34.001	9	1	100	100	100	100
455	19.001	10	100	1	7	15	100
456	15.002	3	1	100	100	2	100
457	12.004	1	1	1	1	3	100
458	18.001	1	100	1	7	3	100
459	34.001	3	11	1	1	3	100
460	15.001	1	1	1	100	2	100
461	2.001	25	1	100	100	2	100
462	12.001	1	100	1	1	3	100
463	14.001	10	100	100	100	2	100
464	2.002	18	100	100	1	18	100
465	2.001	1	100	1	100	2	100
466	2.002	10	14	100	100	1	100
467	2.001	9	13	100	100	100	100
468	14.001	10	3	100	100	7	100
469	2.006	10	100	100	100	1	100
470	2.002	1	8	1	7	3	100
471	4.001	25	1	1	5	2	100
472	22.001	10	14	1	100	2	100
473	22.001	25	1	1	100	1	100
474	19.001	15	11	1	100	7	100
475	2.001	15	1	100	100	1	100
476	2.001	16	1	1	1	10	100
477	5.002	1	12	1	1	3	100
478	19.001	47	13	1	7	17	100
479	2.002	19	3	100	1	18	100
480	44.001	16	3	1	1	10	100
481	2.002	25	3	100	100	100	100
482	2.001	25	13	100	100	100	100
483	2.001	10	13	1	100	1	100
484	10.001	1	3	1	100	7	100
485	10.001	1	8	1	2	5	100
486	10.001	25	8	1	7	53	100
487	10.001	33	11	1	2	5	100
488	10.001	33	4	1	2	5	100
489	10.001	47	12	1	7	21	100
490	10.001	47	8	1	7	21	100
491	12.001	1	9	1	1	3	100
492	12.001	16	8	1	2	5	100
493	13.001	1	9	1	7	22	100
494	13.001	16	11	1	7	6	100
495	13.001	19	8	1	7	53	100
496	13.001	19	9	1	1	9	100
497	13.001	25	8	1	7	53	100
498	14.001	22	8	1	100	24	100
499	18.001	1	11	1	1	22	100
500	18.001	16	8	1	1	3	100
501	18.001	36	8	1	2	24	100
502	19.001	19	8	1	7	21	100
503	2.006	25	13	1	2	10	100
504	21.001	1	12	1	7	52	100
505	21.001	1	8	1	1	39	1
506	21.001	1	8	1	7	52	100
507	34.001	1	11	1	7	3	100
508	43.001	1	10	1	7	3	100
509	43.001	1	11	1	1	52	100
510	43.001	1	11	1	7	15	100
511	43.001	1	12	1	7	3	100
512	43.001	1	8	1	2	3	100
513	43.001	1	8	1	7	15	100
514	43.001	1	8	1	7	3	100
515	43.002	19	8	1	7	3	1
516	44.001	1	10	1	7	10	100
517	5.002	1	13	1	7	3	100
520	14.001	130	3	100	100	2	100
522	14.001	159	1	100	100	7	100
524	14.002	29	1	100	100	7	100
526	15.001	3	1	100	100	56	100
533	2.002	18	3	100	100	2	100
534	2.002	40	1	100	7	3	100
539	43.002	122	1	100	7	6	100
543	66.001	25	3	100	100	100	100
545	1.001	52	100	100	100	2	100
546	22.001	53	3	1	100	2	100
547	2.002	160	14	1	100	1	100
548	15.001	55	100	100	100	1	100
549	2.001	56	1	100	100	100	2
550	2.001	1	100	6	100	2	100
551	1.001	57	100	100	100	2	100
552	9.001	58	8	1	100	2	100
553	19.001	161	100	1	7	15	100
554	18.001	59	8	1	7	3	100
556	12.001	1	8	1	1	23	100
557	43.002	1	12	1	7	24	100
558	12.001	1	8	1	1	25	100
559	2.002	54	100	100	1	22	100
561	9.001	1	12	1	1	22	100
562	14.001	161	8	100	100	7	100
563	15.001	60	100	100	100	2	100
564	2.001	54	100	100	100	2	100
565	100.001	61	100	100	11	2	100
567	19.001	38	12	1	7	26	100
568	15.001	62	100	100	100	2	100
569	2.001	19	26	1	5	2	100
570	2.001	19	8	1	5	28	100
571	12.001	1	8	1	12	1	100
572	5.002	63	8	1	1	10	100
573	2.002	54	13	100	100	17	100
574	1.001	57	1	100	100	2	100
575	2.001	1	8	100	3	28	100
576	2.002	19	13	100	1	29	100
577	2.002	54	100	100	1	4	100
578	2.002	54	14	100	100	17	100
579	9.001	1	13	1	1	30	100
580	2.002	54	19	100	1	4	100
581	2.002	57	11	100	1	31	100
583	2.006	48	1	100	1	32	10
584	22.001	65	2	100	100	7	100
585	12.001	66	8	1	100	7	100
586	14.001	67	14	100	100	2	100
587	12.001	68	8	1	100	7	100
588	100.001	18	14	100	100	1	12
590	5.002	69	100	1	1	3	100
591	19.001	25	100	1	7	33	100
592	2.002	54	13	100	1	18	100
593	22.001	25	100	100	100	35	6
595	22.001	54	13	1	100	100	100
597	5.002	19	12	1	2	36	100
598	2.001	1	8	1	1	31	100
599	2.001	54	14	100	100	1	100
601	2.002	19	8	100	14	1	100
602	2.002	70	11	100	5	2	100
603	2.001	1	23	1	5	1	100
604	14.001	69	100	1	100	1	100
605	2.001	5	100	1	3	37	100
606	2.002	54	14	100	1	22	100
607	22.001	1	8	1	5	38	100
608	1.001	54	14	100	100	7	100
609	5.002	1	8	1	1	39	100
611	19.001	71	13	1	7	1	100
614	9.001	1	20	1	1	2	100
615	9.001	18	3	1	1	22	100
616	2.001	72	3	100	2	40	100
617	19.001	73	10	100	1	2	100
618	4.001	1	12	1	2	22	100
620	19.001	18	13	1	15	20	100
622	19.001	69	13	100	7	20	100
623	100.001	18	14	7	100	1	100
625	2.002	54	14	100	1	4	100
626	2.002	70	8	100	5	2	100
627	34.001	1	11	1	1	23	100
628	14.001	10	13	100	7	41	100
629	22.001	75	14	100	100	2	100
630	2.006	76	3	100	100	1	100
631	12.001	161	12	1	16	42	100
632	19.001	25	13	1	7	43	100
633	2.002	77	4	100	1	44	100
635	9.001	10	27	1	1	22	100
636	2.001	54	13	1	2	7	100
637	9.001	1	13	1	2	45	100
638	9.001	10	100	100	2	46	13
639	19.001	25	8	1	7	43	100
640	18.001	59	100	1	7	47	100
641	13.001	1	8	1	7	22	100
642	18.001	79	8	1	2	24	100
643	43.001	1	100	1	7	48	100
644	100.001	18	14	100	100	7	14
645	2.002	81	100	100	100	2	100
646	2.002	57	14	1	100	1	100
647	2.001	82	13	100	100	2	100
648	2.001	57	3	100	100	2	100
649	2.002	84	14	100	100	100	100
650	1.001	85	8	100	100	2	100
651	19.001	82	14	100	100	7	100
652	1.001	54	8	100	100	2	100
653	19.001	25	4	1	7	43	100
654	2.001	82	3	100	100	2	100
655	2.002	86	3	100	100	2	100
656	4.001	57	3	100	100	7	100
657	14.001	87	13	1	7	15	100
658	1.001	54	14	100	100	1	100
659	15.001	161	14	100	100	1	100
660	100.001	88	100	100	100	100	100
661	15.001	161	100	100	100	1	100
662	15.001	89	100	100	100	1	100
663	100.001	54	100	100	100	1	100
664	1.002	90	100	100	100	2	100
665	1.002	160	14	100	100	1	100
666	22.001	22	30	1	100	1	100
667	2.001	91	8	100	100	7	100
668	14.001	92	100	1	1	22	100
669	22.001	93	3	100	100	2	100
672	2.002	94	4	1	100	1	100
673	22.001	19	6	1	17	2	100
674	21.001	69	11	1	1	3	100
676	9.001	58	3	1	100	2	100
677	9.001	58	100	1	100	2	100
678	9.001	58	13	100	100	7	100
679	14.001	69	1	100	100	7	100
681	22.001	104	100	100	100	7	100
682	2.002	54	14	1	1	22	100
683	22.001	54	100	100	100	2	100
684	19.001	38	1	1	7	26	100
685	45.001	57	3	100	6	1	100
686	22.001	25	35	100	100	1	100
687	9.001	105	100	1	100	2	100
688	22.001	104	3	100	100	7	100
689	9.001	25	35	1	100	2	100
690	2.002	106	100	100	100	2	100
691	2.001	107	100	100	100	100	100
692	19.001	108	1	1	100	7	100
693	5.002	109	3	1	1	3	100
694	9.001	105	14	1	100	7	100
695	22.001	104	3	100	100	7	2
696	5.002	110	8	1	1	3	100
697	21.001	1	1	1	1	3	100
698	2.001	25	3	100	100	7	16
699	9.001	111	8	1	100	2	100
700	12.001	112	8	1	1	3	100
701	18.001	36	12	1	2	24	2
702	9.001	113	4	1	100	2	100
705	9.001	58	1	1	100	2	100
706	12.001	1	23	1	1	3	100
707	2.002	114	8	100	1	18	100
708	2.002	54	4	100	1	22	100
709	34.001	1	11	1	1	3	17
710	10.001	33	37	1	2	5	100
713	1.001	129	100	100	100	1	100
714	2.002	89	13	100	7	4	100
715	19.001	124	100	100	1	20	100
716	2.002	134	100	100	100	2	100
717	2.001	135	1	100	100	100	100
718	43.002	54	14	100	1	22	100
719	2.002	89	100	100	7	4	100
720	34.001	64	11	1	1	3	100
721	12.001	74	8	1	2	49	100
722	1.001	137	100	100	100	1	100
723	1.001	138	100	100	100	54	100
724	2.002	139	100	100	100	2	100
725	1.001	136	100	100	100	1	100
726	14.001	58	1	100	7	20	100
727	44.001	16	10	1	1	45	2
728	2.002	141	14	1	1	18	100
729	15.001	142	100	100	100	2	100
730	1.001	143	100	100	100	1	100
731	22.001	25	43	100	100	2	100
732	19.001	124	3	100	1	20	100
733	2.001	145	1	1	100	1	100
734	2.002	69	4	1	7	20	100
735	1.001	54	3	100	100	2	100
736	22.001	15	100	100	100	57	100
737	15.002	146	14	100	100	2	100
738	15.001	88	100	100	100	2	100
739	5.002	147	8	1	1	3	100
740	2.002	54	100	1	1	18	100
741	22.001	148	3	100	100	1	100
743	19.001	149	14	1	7	15	100
744	5.002	150	100	1	1	3	100
745	22.001	73	3	1	100	2	100
746	2.002	19	45	100	1	18	100
747	22.001	151	3	100	100	1	100
748	43.002	1	11	1	7	24	100
749	1.001	103	100	100	100	1	100
750	14.001	152	100	100	100	7	100
751	9.001	105	5	100	100	2	100
752	2.002	19	8	100	1	31	100
753	2.001	123	13	1	100	1	100
754	2.001	123	14	1	100	1	100
755	2.001	123	13	1	100	100	100
758	34.001	1	100	1	1	3	2
769	19.001	38	1	1	7	15	9
774	22.001	15	3	100	100	7	100
776	9.001	10	3	100	1	49	100
777	14.001	29	13	100	100	7	100
778	2.002	40	13	100	7	4	16
779	2.002	40	13	100	7	55	100
780	2.002	19	3	1	7	3	9
783	12.005	1	1	1	1	3	100
798	2.002	19	13	1	7	3	100
801	14.001	49	13	100	7	20	100
803	2.008	1	3	1	100	2	100
806	15.001	25	1	100	100	100	2
810	2.001	25	1	100	100	100	2
827	2.002	125	14	1	100	7	100
828	2.002	19	9	1	7	3	1
829	2.001	123	14	1	100	100	100
830	2.001	16	13	100	1	18	100
831	19.001	47	12	1	7	20	100
832	63.001	1	100	1	100	2	100
833	2.002	10	14	100	1	26	100
836	2.008	54	14	1	7	20	100
837	2.002	54	19	100	100	2	100
838	22.001	127	3	100	100	7	100
839	2.001	123	14	100	100	1	100
840	2.001	123	100	1	100	1	100
841	22.001	123	100	100	100	1	100
842	2.001	123	100	1	20	1	100
843	2.001	123	14	1	20	1	100
844	2.001	123	100	1	100	100	100
845	2.001	9	100	100	100	100	100
846	100.001	5	100	100	100	2	100
847	1.001	1	14	1	7	2	100
848	1.001	15	14	100	100	7	100
849	1.001	18	100	1	7	2	100
850	1.001	162	1	100	100	1	100
851	1.005	5	100	100	100	1	100
852	1.008	5	100	100	100	1	100
853	10.001	1	12	1	1	3	100
854	10.001	19	8	1	1	3	100
855	10.001	25	8	1	1	5	100
856	11.001	1	8	1	100	2	100
857	12.001	1	11	1	1	3	100
858	12.001	19	8	1	1	3	100
859	14.001	5	3	100	100	7	100
860	14.001	9	1	100	100	100	100
861	14.001	10	100	1	7	7	100
862	14.001	10	100	1	100	7	100
863	14.001	10	100	100	100	3	100
864	14.001	11	100	100	100	2	100
865	14.001	18	100	100	100	2	100
866	14.001	29	8	100	100	7	100
867	15.001	5	100	100	100	2	100
868	19.001	5	4	1	7	33	100
869	19.001	10	13	1	7	26	100
870	19.001	15	100	1	7	15	100
871	19.001	24	12	1	7	15	100
872	19.001	25	4	1	7	33	100
873	19.001	25	16	1	7	43	100
874	19.001	38	11	1	7	55	100
875	19.001	38	12	1	7	55	100
876	19.001	38	21	1	7	15	100
877	19.001	38	100	1	7	55	100
878	19.001	64	4	1	7	33	100
879	19.001	139	100	1	7	3	100
880	19.001	163	12	100	1	2	100
881	2.001	1	3	100	1	100	2
882	2.001	9	1	100	100	100	6
883	2.001	9	8	100	100	100	100
884	2.001	9	8	100	1	100	100
885	2.001	16	19	100	1	18	100
886	2.001	164	100	100	1	18	100
887	2.002	10	100	1	100	1	100
888	2.002	10	13	100	7	20	100
889	2.002	1	13	1	7	3	100
890	2.002	1	13	100	7	4	100
891	2.002	18	14	100	1	18	100
892	2.002	18	100	1	1	18	100
893	2.002	18	100	100	100	2	100
894	2.002	18	100	1	7	2	100
895	2.002	19	12	1	7	3	100
896	2.002	19	100	100	1	18	100
897	2.002	40	12	100	1	4	100
898	2.002	40	100	100	1	4	100
899	2.002	54	14	100	1	20	100
900	2.002	140	3	1	7	3	100
901	2.001	16	14	100	1	18	100
902	2.001	24	11	100	100	2	100
903	2.001	25	8	100	100	100	100
904	2.001	25	11	100	100	100	100
905	2.001	161	14	100	100	7	100
906	2.008	10	4	100	1	55	100
907	2.008	19	13	1	2	10	100
908	2.013	9	1	100	100	100	100
909	21.001	1	11	1	7	3	100
910	21.001	1	8	1	7	62	100
911	22.001	25	8	100	100	1	100
912	22.001	50	3	100	22	1	100
913	22.001	150	100	100	100	2	100
914	22.001	25	17	100	100	1	100
915	22.003	54	14	100	100	2	100
916	22.003	54	11	100	100	2	100
917	22.011	15	100	100	100	7	100
918	27.001	1	10	1	1	25	100
919	34.001	16	8	1	7	3	100
920	34.001	1	8	1	7	3	2
921	34.001	1	11	1	7	62	100
922	34.001	1	16	1	1	3	100
923	34.001	165	11	1	1	3	100
924	34.001	69	100	1	1	3	100
925	34.001	1	11	1	100	3	100
926	34.011	1	11	1	1	3	100
927	4.001	1	8	1	1	3	100
928	4.001	36	8	1	100	2	100
929	43.001	1	4	1	7	15	100
930	44.001	16	10	1	7	10	100
931	44.001	16	100	1	1	10	100
932	44.001	16	12	1	1	10	100
933	44.001	16	10	1	1	45	100
934	5.002	1	21	1	1	3	100
935	5.002	1	1	1	1	23	100
936	5.002	1	8	1	1	23	100
937	5.002	1	14	1	1	3	100
938	5.002	1	16	1	1	3	100
939	5.002	2	11	100	1	3	100
940	5.002	10	8	1	1	3	100
941	5.002	10	12	1	1	3	100
942	5.002	10	14	1	1	3	100
943	66.001	25	3	100	100	100	16
944	68.001	25	16	100	100	27	100
945	68.001	25	4	100	100	27	6
946	68.001	25	4	100	100	27	100
947	68.001	50	3	100	100	7	100
948	69.001	1	8	1	7	3	2
949	69.001	54	14	100	7	20	100
950	69.002	125	14	1	7	17	100
951	72.001	1	11	1	1	3	100
952	75.001	1	11	1	1	3	100
953	77.001	16	10	1	1	10	100
954	80.001	9	1	100	100	100	100
955	81.001	3	1	100	100	2	100
956	84.001	142	100	100	100	2	100
957	88.001	19	14	100	7	3	100
958	9.001	1	13	1	1	22	100
959	9.001	25	1	100	100	100	100
960	9.001	1	14	1	1	22	100
961	9.004	58	3	1	100	2	100
962	1.001	171	100	100	100	1	100
963	1.001	175	100	100	100	1	100
964	1.001	171	100	100	100	1	19
965	12.007	9	3	100	100	100	100
966	14.001	10	13	100	7	64	100
967	19.001	25	12	1	7	65	100
968	19.001	166	3	1	7	61	100
969	19.001	166	11	1	7	61	100
970	19.001	167	3	1	7	61	100
971	19.002	38	12	1	7	55	100
972	2.001	166	100	100	100	100	100
973	2.001	170	13	1	100	1	100
974	2.001	170	1	1	100	1	100
975	2.001	172	16	1	1	4	100
976	2.001	177	8	1	14	2	100
977	2.002	169	100	100	100	100	100
978	2.002	173	14	100	100	2	100
979	2.002	174	8	100	1	4	100
980	2.002	176	100	100	1	4	100
981	2.015	88	100	100	100	63	100
982	2.017	1	3	1	100	2	100
983	2.018	9	3	100	100	100	100
984	22.012	168	100	100	100	7	100
985	34.013	1	11	1	1	3	100
986	44.003	16	10	1	1	10	100
987	66.001	25	3	100	100	100	18
988	69.003	10	1	100	100	7	100
989	89.001	19	8	1	100	1	100
990	90.001	25	100	100	100	2	100
991	90.001	18	100	100	100	2	100
992	22.001	178	100	100	100	2	100
993	10.001	51	37	1	2	41	100
994	34.001	1	11	1	1	3	16
995	2.001	24	1	100	1	2	100
996	60.001	19	8	1	7	3	1
997	34.001	118	10	1	1	3	100
998	10.001	19	1	1	1	3	100
999	34.001	118	11	1	1	3	100
1000	2.002	47	14	1	7	22	100
1001	34.001	117	11	1	1	3	100
1002	43.002	1	4	1	7	24	100
1003	2.002	40	13	100	7	1	100
1004	2.019	19	8	100	1	18	100
1005	15.001	5	11	100	100	2	100
1006	2.014	10	13	100	7	20	100
1007	9.001	1	11	1	100	2	100
1008	10.002	1	8	1	1	3	100
1009	13.001	1	3	1	1	3	100
1010	34.001	38	12	1	7	15	100
1011	13.001	19	8	1	7	9	100
1012	34.001	1	11	1	23	3	100
1013	19.003	47	14	1	7	17	100
1014	34.014	1	11	1	1	3	100
1015	52.002	1	11	1	1	3	100
1016	22.001	15	3	100	100	60	100
1017	14.001	10	3	100	10	60	1
1018	34.001	1	11	1	1	3	1
1019	34.001	10	11	100	1	3	100
1020	67.001	10	13	100	100	7	17
1021	14.001	10	3	100	100	2	100
1022	12.001	29	11	100	100	7	100
1023	61.001	36	11	1	100	7	100
1024	12.001	36	11	1	100	7	100
1025	5.002	1	13	1	1	3	2
1026	2.001	1	1	1	100	2	2
1027	2.002	19	8	1	7	3	2
1028	15.001	3	1	100	100	2	2
1029	14.002	29	1	100	100	7	7
1030	2.001	1	11	100	7	3	100
1031	2.001	1	1	100	7	3	100
1032	2.001	179	1	100	100	1	100
1033	2.002	123	14	1	100	1	100
1034	2.02	39	11	100	100	100	100
1035	14.005	29	8	100	100	7	2
1036	14.006	29	8	100	100	7	2
1037	92.001	16	10	1	1	10	100
1038	93.001	25	3	100	100	100	2
1039	2.001	39	11	100	7	4	2
1040	2.001	39	31	100	7	4	100
1041	2.007	39	11	100	7	4	100
1042	2.001	39	11	100	7	4	19
1043	2.001	180	31	100	7	4	100
1044	14.001	39	31	100	7	4	100
1045	34.013	1	11	1	1	3	2
1046	14.002	29	3	100	100	7	6
1047	18.001	25	13	1	1	3	100
1049	2.002	40	100	100	1	3	100
1050	5.002	10	1	1	1	3	100
1051	2.002	10	100	100	1	59	100
1052	19.001	181	12	1	7	55	100
1053	9.001	58	1	1	100	2	14
1054	9.001	10	100	1	1	49	100
1055	18.001	59	100	1	7	3	100
1056	18.001	16	3	1	1	3	100
1057	34.001	29	1	100	100	7	6
1058	5.002	38	3	1	1	3	100
1059	44.001	58	10	1	1	10	100
1060	94.001	42	100	100	10	2	2
1061	14.002	15	1	100	100	7	6
1062	14.002	5	3	100	100	7	6
1063	34.013	5	11	1	1	3	100
1064	14.001	10	14	100	100	1	6
1065	14.001	10	3	100	100	1	9
1066	2.001	183	1	100	100	100	100
1067	14.002	184	1	100	100	7	6
1068	22.001	15	3	100	100	67	100
1069	2.002	182	100	100	100	2	100
1070	100.008	10	14	100	100	1	100
1071	100.002	5	100	100	100	2	100
1072	15.003	161	100	100	100	1	100
1073	100.008	18	100	100	100	1	100
1074	100.001	54	100	100	100	2	100
1075	100.001	5	14	100	100	1	100
1076	100.004	5	13	100	11	7	100
1077	100.004	160	14	100	100	1	100
1078	100.001	54	14	100	100	2	100
1079	15.001	54	100	100	100	7	100
1080	100.001	54	100	100	100	7	100
1081	100.002	14	100	100	100	7	100
1082	1.001	10	100	100	100	2	100
1083	100.001	18	100	100	11	1	100
1084	1.002	90	14	100	100	2	100
1085	100.001	5	14	100	100	2	100
1086	100.005	54	14	100	100	1	100
1087	100.004	160	14	100	100	2	100
1088	100.005	161	100	100	100	1	100
1089	100.002	88	14	100	100	7	100
1090	100.004	18	14	100	100	100	100
1091	100.004	18	100	100	100	100	100
1092	19.001	54	100	100	1	22	100
1093	14.001	10	100	100	14	2	100
1094	14.001	14	100	100	100	1	100
1095	2.002	54	13	100	1	4	100
1096	19.001	38	13	1	7	15	100
1097	19.001	38	100	1	7	26	100
1098	2.002	18	100	1	5	6	100
1099	12.001	4	3	100	100	1	100
1100	13.001	1	100	1	7	21	100
1101	13.001	19	8	1	1	31	100
1102	18.001	1	4	1	7	3	100
1103	12.007	1	8	1	21	3	100
1104	18.001	19	12	1	7	3	100
1105	2.001	1	11	1	1	22	100
1106	12.007	1	11	1	7	3	100
1107	4.001	1	12	1	7	3	100
1108	2.002	1	11	1	7	100	100
1109	17.001	1	8	1	1	3	100
1110	18.001	139	8	1	7	1	100
1111	18.001	47	8	1	7	21	100
1112	21.001	47	4	1	7	21	100
1113	15.003	161	14	100	100	1	100
1114	100.006	161	14	100	100	1	100
1115	22.001	19	100	1	100	2	100
1116	1.002	25	14	100	100	2	100
1117	1.002	25	100	100	100	2	100
1118	21.001	1	8	1	7	3	100
1119	100.002	19	100	1	100	1	100
1120	22.001	25	14	100	100	2	100
1121	22.001	22	100	1	100	1	100
1122	19.001	14	3	100	100	100	100
1123	2.001	5	14	100	100	100	100
1124	34.007	40	100	100	7	4	100
1125	69.001	10	14	100	1	4	100
1126	2.001	54	14	100	1	22	100
1127	92.001	16	1	1	1	10	100
1128	2.002	10	100	100	100	7	100
1129	43.002	54	100	100	1	22	100
1130	17.001	1	100	1	1	3	100
1131	43.002	54	14	1	7	20	100
1132	22.001	98	100	1	1	49	100
1133	60.001	1	11	1	7	3	100
1134	34.015	89	100	100	7	4	100
1135	101.001	25	8	1	2	4	100
1136	2.008	22	13	1	1	24	100
1137	18.001	47	100	1	7	3	100
1138	12.001	22	8	1	16	24	100
1139	2.002	89	1	100	7	4	100
1140	12.001	16	24	1	7	6	100
1141	18.001	36	8	1	7	24	100
1142	21.001	19	12	1	7	3	100
1143	60.001	1	12	1	7	3	100
1144	21.001	19	4	1	7	3	100
1145	10.001	33	10	1	2	5	100
1146	13.001	1	11	1	1	1	100
1147	13.001	19	12	1	7	53	100
1148	5.002	1	12	1	7	3	100
1149	21.001	19	13	1	7	3	100
1150	21.001	19	12	1	7	8	100
1151	13.001	19	4	1	1	9	100
1152	2.001	1	8	1	1	52	100
1153	2.002	1	11	1	2	23	100
1154	19.001	10	3	100	1	20	100
1155	43.001	16	4	1	7	6	100
1156	18.001	1	9	1	7	1	12
1157	21.001	19	8	1	7	3	100
1158	34.006	36	8	1	7	4	100
1159	43.001	33	4	1	2	5	100
1160	2.002	16	13	1	7	6	100
1161	18.001	1	21	1	7	3	100
1162	13.001	33	9	1	2	5	100
1163	21.001	16	13	1	7	8	100
1164	13.001	25	12	1	7	53	100
1165	5.002	1	8	1	7	23	100
1166	10.001	33	9	1	2	5	100
1167	18.001	19	11	1	7	3	100
1168	34.001	40	12	100	1	34	100
1169	2.002	40	11	100	7	3	100
1170	10.001	33	13	1	2	5	100
1171	18.001	1	11	1	1	52	100
1172	21.001	1	4	1	1	39	1
1173	21.001	19	8	1	7	3	1
1174	43.001	19	8	1	2	15	100
1175	10.001	36	8	1	2	24	100
1176	13.001	1	12	1	1	9	100
1177	21.001	19	4	1	7	8	100
1178	18.001	1	13	1	7	3	100
1179	13.001	1	8	1	7	3	100
1180	13.001	1	4	1	7	22	100
1181	21.001	1	10	1	7	3	100
1182	21.001	19	12	1	7	25	100
1183	43.002	1	8	1	15	3	100
1184	71.001	33	8	1	2	5	100
1185	14.001	1	13	1	7	3	100
1186	43.002	14	8	100	1	38	100
1187	13.001	22	8	1	16	24	100
1188	41.001	33	8	1	2	5	100
1189	12.007	25	4	1	7	3	100
1190	12.007	1	12	1	7	3	100
1191	10.001	47	11	1	7	21	100
1192	43.001	16	12	1	7	6	100
1193	12.007	1	8	1	7	3	100
1194	2.008	25	13	1	2	10	100
1195	18.001	89	8	1	7	24	100
1196	17.001	1	12	1	1	3	100
1197	2.002	1	9	1	7	3	100
1198	21.001	78	12	1	7	52	100
1199	13.001	70	8	1	7	53	100
1200	2.002	54	14	100	7	22	100
1201	69.001	10	14	100	7	20	100
1202	2.002	89	14	100	7	20	100
1203	2.002	89	14	100	7	4	100
1204	2.002	89	12	100	7	4	100
1205	14.001	76	3	1	1	22	100
1206	9.001	89	12	1	1	22	100
1207	2.002	38	13	1	7	18	100
1208	43.002	89	12	1	7	24	100
1209	9.001	89	8	1	1	22	100
1210	2.001	10	19	100	1	22	100
1211	19.001	24	10	1	7	15	100
1212	2.002	10	14	1	7	20	100
1213	2.008	19	14	1	2	10	100
1214	5.002	15	14	1	1	3	100
1215	2.002	18	14	1	1	3	100
1216	13.001	19	12	1	1	9	100
1217	5.002	1	46	1	7	3	100
1218	9.001	1	12	1	100	2	100
1219	10.001	16	10	1	1	10	100
1220	43.002	54	100	100	7	6	100
1221	2.002	42	3	100	10	2	100
1222	18.001	25	12	1	7	43	100
1223	19.001	38	14	1	7	15	100
1224	2.002	18	19	100	1	18	100
1225	13.001	19	3	1	1	9	100
1226	19.001	54	13	1	1	26	100
1227	19.001	163	13	100	7	20	100
1228	19.001	47	8	1	7	17	100
1229	10.001	25	8	1	2	5	100
1230	19.001	33	100	1	7	15	100
1231	19.001	19	13	1	7	26	100
1232	10.001	33	21	1	2	5	100
1233	44.001	191	10	1	1	10	100
1234	18.001	192	8	1	1	3	100
1235	107.001	1	8	1	1	3	100
1236	10.001	33	100	1	2	5	100
1237	2.001	54	8	100	1	49	100
1238	19.001	54	13	1	7	20	100
1239	5.002	1	8	100	1	3	23
1240	106.001	33	100	1	2	75	100
1241	19.001	201	13	1	7	20	100
1242	108.001	38	13	1	7	15	100
1243	27.002	1	11	1	1	47	100
1244	19.001	5	14	100	100	2	22
1245	2.001	203	100	1	100	1	100
1246	10.001	33	24	1	2	5	100
1247	14.001	194	13	1	7	49	100
1248	16.001	193	100	100	1	68	100
1249	19.001	24	11	1	7	15	100
1250	19.001	195	14	1	7	17	100
1251	2.001	39	14	100	7	100	100
1252	2.001	39	4	100	100	100	100
1253	2.002	196	14	1	7	17	100
1254	2.002	19	14	1	7	3	100
1255	2.002	10	3	100	1	22	100
1256	2.002	89	13	100	7	20	100
1257	2.002	69	14	100	1	18	100
1258	34.001	1	11	1	1	74	100
1259	5.002	1	35	1	1	3	100
1260	69.001	163	14	100	7	73	100
1261	69.001	201	14	100	1	68	100
1262	2.002	10	3	1	1	4	100
1263	10.003	16	12	1	1	10	100
1264	109.001	1	8	1	7	3	100
1265	100.006	86	100	100	100	2	100
1266	2.002	40	8	100	7	4	100
1267	1.001	5	1	100	100	1	100
1268	105.001	25	3	100	100	100	100
1269	14.001	197	3	100	100	15	100
1270	2.002	40	12	1	7	4	100
1271	2.002	10	100	100	1	22	100
1272	9.001	25	12	1	1	69	100
1273	2.001	25	3	100	1	4	100
1274	2.001	10	100	100	7	20	100
1275	2.002	10	100	100	1	26	100
1276	15.001	142	100	100	100	70	100
1277	2.001	10	100	1	7	26	100
1278	2.001	101	100	100	100	100	12
1279	9.001	132	8	1	1	9	100
1280	9.001	10	27	1	1	60	100
1281	9.001	105	100	100	100	2	100
1282	19.001	47	100	1	7	17	100
1283	14.001	10	13	1	7	76	100
1284	2.002	54	100	100	7	22	100
1285	2.021	54	14	100	7	22	100
1286	2.001	54	1	100	1	18	100
1287	2.002	89	1	100	7	72	100
1288	76.002	19	8	1	1	9	100
1289	2.002	19	10	1	7	3	100
1290	3.002	54	100	100	1	20	100
1291	2.001	24	1	100	100	2	21
1292	2.002	199	100	100	1	22	100
1293	19.001	47	100	1	7	71	100
1294	2.002	199	100	100	7	22	100
1295	2.002	1	1	100	100	2	100
1296	19.001	198	100	1	7	15	100
1297	19.001	69	3	100	1	20	100
1298	2.002	15	1	100	100	7	100
1299	19.001	124	11	100	1	20	100
1300	2.002	40	11	100	7	15	100
1301	19.001	1	12	1	7	43	100
1302	13.001	19	8	1	21	33	100
1303	2.002	10	13	100	7	2	100
1304	19.001	18	14	1	7	15	100
1305	44.001	16	100	1	1	45	100
1306	9.001	1	8	100	7	3	100
1307	14.001	54	13	100	1	59	100
1308	14.001	18	14	100	7	20	100
1309	2.008	54	13	100	7	20	100
1310	12.007	39	14	100	7	100	100
1311	14.001	18	14	100	7	79	100
1312	19.001	209	3	1	7	15	100
1313	19.001	206	14	1	7	15	100
1314	2.001	5	3	100	2	77	100
1315	19.001	54	3	1	7	17	100
1316	18.001	204	11	1	7	26	100
1317	102.001	5	100	100	100	27	100
1318	14.001	202	100	100	1	3	100
1319	19.001	47	100	1	7	78	100
1320	2.002	18	13	100	1	18	100
1321	2.002	40	14	100	1	4	100
1322	2.001	205	8	1	1	78	100
1323	2.002	200	100	100	1	4	100
1324	19.001	208	8	1	7	3	100
1325	1.001	207	100	100	100	1	100
1326	19.001	38	13	1	7	13	100
1327	9.001	1	12	1	1	2	100
1328	19.001	1	14	1	7	17	100
1329	13.001	19	100	1	1	9	100
1330	2.008	131	100	1	2	51	100
1331	10.001	33	8	1	2	5	2
1332	5.002	10	4	1	1	3	100
1333	5.002	1	100	1	1	5	100
1334	9.001	1	13	1	100	2	100
1335	15.001	62	16	100	100	2	100
1336	2.001	18	14	1	1	3	100
1337	15.001	60	100	100	100	2	6
1338	9.001	25	1	1	1	2	100
1339	9.001	1	4	1	1	22	100
1340	43.002	122	100	100	7	6	100
1341	100.006	86	3	100	100	2	100
1342	12.007	9	1	100	100	1	100
1343	2.002	71	13	100	7	6	100
1344	2.002	18	13	1	7	3	100
1345	2.002	10	4	100	1	59	100
1346	2.002	19	13	100	14	1	100
1347	2.002	19	9	100	1	18	100
1348	2.002	1	3	1	100	2	100
1349	2.002	40	100	100	7	4	6
1350	2.002	40	13	100	7	3	100
1351	44.001	16	8	1	1	45	100
1352	44.001	16	10	1	23	10	100
1353	2.008	131	1	100	2	51	100
1354	19.001	69	13	1	7	20	100
1355	19.001	69	19	100	7	55	100
1356	19.001	38	8	1	7	15	100
1357	19.001	38	9	1	7	55	100
1358	19.001	1	1	100	7	15	100
1359	19.001	25	100	1	7	15	100
1360	14.001	10	13	1	7	49	100
1361	14.001	10	13	100	2	2	100
1362	14.001	10	100	100	1	22	100
1363	9.001	210	8	1	1	9	100
1364	18.001	1	8	1	7	80	100
1365	2.002	10	100	100	24	26	100
1366	13.001	19	3	1	1	9	24
1367	2.002	10	100	100	7	4	100
1368	93.001	25	1	100	100	100	2
1369	19.001	24	3	1	7	15	100
1370	2.001	9	1	100	100	1	2
1371	2.001	5	3	100	7	3	100
1372	44.001	16	4	1	1	45	100
1373	14.001	10	3	1	100	100	100
1374	112.001	16	10	1	1	10	100
1375	2.001	24	1	100	100	2	25
1376	110.001	42	100	100	10	2	100
1377	111.001	42	100	100	10	2	100
1378	2.002	161	4	1	25	10	100
1379	2.002	40	3	100	7	3	100
1380	1.011	5	100	100	100	1	100
1381	2.002	211	14	100	7	22	100
1382	116.001	25	1	100	100	100	2
1383	113.001	16	10	1	1	10	100
1384	114.001	25	3	100	100	100	2
1385	19.005	38	12	1	7	15	22
1386	115.001	1	11	1	1	3	100
1387	5.002	122	14	1	7	3	100
1388	21.001	47	8	1	7	21	1
1389	43.002	19	9	1	7	3	1
1390	34.008	42	1	100	10	2	100
1391	10.001	25	10	1	2	5	100
1392	10.001	1	8	1	7	3	100
1393	100.001	18	3	100	100	1	20
1394	15.003	161	3	100	100	1	100
1395	100.002	182	100	100	100	2	100
1396	91.001	158	21	100	1	3	100
1397	91.001	36	13	100	100	7	100
1398	91.001	36	21	1	100	7	100
1399	71.001	1	8	1	1	3	100
1400	15.001	54	100	100	100	2	100
1401	15.001	161	14	100	100	7	100
1402	15.001	161	3	100	100	1	100
1403	15.005	161	100	100	100	1	100
1404	98.001	83	100	100	100	1	100
1405	97.001	54	100	100	100	2	100
1406	96.001	83	100	100	100	1	100
1407	100.005	161	100	100	100	1	6
1408	100.005	54	100	100	100	1	100
1409	100.001	54	4	100	100	2	100
1410	100.001	187	100	100	100	1	100
1411	100.01	54	100	100	100	1	100
1412	100.01	83	100	100	100	1	100
1413	100.004	160	3	100	100	2	100
1414	100.004	186	14	100	100	1	100
1415	100.001	185	100	100	100	1	100
1416	100.009	18	100	100	11	1	100
1417	95.001	18	3	100	100	100	100
1418	100.001	18	100	100	100	1	100
1419	2.023	18	3	100	100	2	100
1420	44.001	215	11	1	1	10	100
1421	15.001	18	14	100	100	2	100
1422	15.001	3	1	100	100	7	100
1423	15.001	14	1	100	100	7	100
1424	14.001	10	3	100	14	2	100
1425	12.001	10	5	1	100	2	100
1426	1.009	185	100	100	100	1	100
1427	1.001	54	14	100	100	100	100
1428	100.006	161	100	100	100	1	100
1429	100.001	161	14	100	100	1	100
1430	100.001	161	100	100	100	1	100
1431	100.001	10	14	100	100	2	100
1432	100.001	18	14	100	100	14	100
1433	100.001	188	14	100	100	1	100
1434	100.013	25	100	100	100	2	100
1435	100.013	54	100	100	100	2	100
1436	13.001	214	8	1	7	53	100
1437	100.012	18	100	100	100	1	100
1438	100.011	161	3	100	100	1	100
1439	15.006	212	100	100	100	7	100
1440	98.002	89	14	100	100	2	100
1441	100.014	5	100	100	100	2	100
1442	15.003	5	14	100	26	1	100
1443	100.002	213	100	100	100	2	100
1444	100.002	214	14	100	100	100	22
1445	100.015	18	14	100	100	1	100
1446	99.001	25	4	100	100	2	100
1447	9.001	189	100	1	1	2	100
1448	22.013	25	100	100	100	2	100
1449	22.001	54	14	100	100	2	100
1450	22.001	25	100	100	6	1	100
1451	2.002	18	3	1	5	6	100
1452	2.001	190	13	1	100	100	100
1453	2.001	19	8	100	1	31	100
1454	19.004	38	12	1	7	15	100
1455	19.001	54	4	100	1	22	100
1456	2.023	10	47	1	1	2	100
1457	19.001	38	13	1	7	55	100
1458	14.001	10	14	100	100	1	100
1459	14.001	10	14	100	100	1	26
1460	34.001	1	14	1	1	1	100
1461	2.001	24	14	100	100	2	100
1462	2.02	39	14	100	100	100	100
1463	103.001	1	8	1	1	3	100
1464	10.003	47	8	1	7	21	100
1465	1.001	25	100	1	100	2	100
1466	100.001	18	100	100	100	27	100
1467	15.001	62	4	100	100	2	100
1468	18.001	19	100	1	7	8	100
1469	2.001	18	4	1	100	2	100
1470	2.001	161	100	100	1	7	100
1471	34.001	88	100	1	1	3	100
1472	4.001	25	100	100	100	1	100
1473	68.001	19	4	1	100	2	100
1474	68.001	19	100	1	100	2	100
1475	9.001	189	8	1	1	2	100
1476	15.007	60	100	100	100	2	100
1477	119.001	18	100	100	100	100	100
1478	15.008	88	100	100	100	2	100
1479	10.001	33	8	1	2	85	100
1480	34.016	16	11	1	1	10	100
1481	34.016	220	11	1	1	10	100
1482	22.001	218	14	100	100	2	100
1483	1.001	219	100	100	100	1	100
1484	1.001	221	100	100	100	1	100
1485	2.001	39	5	100	7	4	100
1486	78.002	139	11	100	7	4	100
1487	2.001	39	1	100	7	4	100
1488	2.001	39	31	100	7	4	2
1489	18.001	36	8	1	2	24	2
1490	2.001	39	13	100	7	4	100
1491	2.001	39	13	100	100	100	1
1492	120.001	1	8	1	7	3	2
1493	5.002	222	14	1	7	3	100
1494	9.001	1	100	1	1	22	100
1495	9.001	10	13	1	1	49	100
1496	9.001	69	100	1	1	22	100
1497	9.001	95	13	1	1	22	100
1498	9.001	96	13	1	1	49	100
1499	22.003	218	14	100	100	2	100
1500	19.001	10	47	1	1	2	100
1501	60.001	1	8	1	7	3	29
1502	78.002	39	11	10	7	4	2
1503	78.002	39	11	100	7	4	100
1504	2.001	3	3	100	100	100	2
1505	100.008	10	100	100	100	7	100
1506	2.002	193	13	100	7	81	27
1507	34.001	1	11	1	1	82	100
1508	2.002	18	13	100	1	83	100
1509	2.002	40	11	100	7	84	100
1510	22.007	25	100	100	100	1	100
1511	2.002	1	1	1	1	3	2
1512	12.001	39	3	100	7	4	16
1513	2.001	39	3	100	7	4	100
1514	2.001	39	11	100	7	86	100
1515	1.001	57	3	100	100	2	100
1516	22.001	98	3	1	1	49	100
1517	22.001	76	13	1	100	2	100
1518	22.001	98	13	1	1	49	100
1519	9.001	58	1	1	100	2	29
1520	22.003	225	14	100	100	2	100
1521	14.001	10	14	100	100	1	29
1522	10.002	16	12	1	1	10	100
1523	1.001	17	100	100	100	1	100
1524	2.001	39	11	100	7	4	27
1525	19.006	18	12	1	7	15	100
1526	68.001	25	100	100	100	27	100
1527	68.001	25	100	1	100	27	100
1528	68.001	25	1	1	100	2	100
1529	2.008	54	13	1	2	34	100
1530	69.001	18	14	100	1	18	100
1535	68.001	83	100	100	100	7	100
1541	2.008	54	14	100	100	2	100
1543	9.001	69	13	1	1	22	100
1545	22.01	35	8	1	100	7	100
1546	9.005	58	100	1	100	2	100
1547	9.004	58	100	1	100	2	100
1548	9.001	115	100	1	1	49	100
1549	2.008	18	14	100	100	2	100
1551	9.001	54	100	1	1	49	100
1552	2.001	126	13	1	100	100	100
1555	12.001	36	8	1	7	38	100
1556	14.004	49	13	100	7	20	100
1557	83.001	29	12	100	100	7	100
1558	2.008	19	100	1	2	10	100
1559	79.002	25	1	100	100	2	100
1560	19.001	38	13	1	7	1	100
1562	2.002	19	44	1	7	3	100
1563	9.001	25	44	1	100	32	100
1566	78.001	25	1	100	100	2	100
1567	2.002	223	13	100	1	22	100
1568	1.001	224	100	100	100	42	100
1570	15.001	224	100	100	100	2	100
2124	9.001	25	12	1	100	2	100
2128	2.002	15	100	100	43	7	100
2129	19.001	293	14	1	7	15	100
2130	12.001	294	3	1	1	3	100
2132	14.001	296	3	100	7	20	100
2134	2.002	298	100	1	100	1	100
2136	12.001	300	100	100	100	1	100
2148	5.002	122	3	1	7	3	100
2151	14.001	10	3	100	100	1	35
2150	14.001	10	3	100	100	1	37
2154	10.001	19	100	1	1	3	100
2157	2.001	1	21	1	1	40	100
2180	14.001	10	14	100	100	1	39
2183	2.001	9	11	100	100	100	37
2185	34.001	1	14	1	100	1	100
2193	2.001	9	21	100	100	100	100
2196	2.001	203	3	1	100	1	100
2197	2.001	54	14	100	1	59	100
2198	2.001	203	14	1	100	1	100
2199	2.001	16	13	100	1	49	100
2200	2.001	44	8	100	100	1	2
2208	60.001	1	8	1	7	53	100
2209	2.002	19	13	100	1	18	100
2236	14.001	15	14	100	100	7	100
2357	34.006	40	3	1	1	34	100
2358	5.002	1	8	1	7	93	100
2359	5.002	1	100	1	7	3	100
2360	43.002	19	8	1	7	39	1
2361	103.001	1	9	1	1	3	100
2362	103.001	1	11	1	1	3	100
2363	13.001	25	8	1	21	53	100
2364	43.002	16	13	1	7	41	100
2365	21.001	33	8	1	7	52	100
2366	103.001	1	8	1	1	9	100
2367	5.002	1	8	1	1	109	100
2368	19.001	38	46	1	7	15	100
2369	21.001	89	8	1	7	3	100
2370	13.001	22	8	1	34	53	100
2371	13.001	1	8	1	7	108	100
2372	120.001	1	11	1	7	3	100
2373	120.001	1	12	1	7	3	100
2374	13.001	25	8	1	7	93	100
2375	21.001	19	100	1	7	3	100
2376	103.001	1	8	1	1	39	2
2377	17.001	1	8	1	34	93	100
2378	18.001	1	12	1	7	120	100
2379	141.001	1	8	1	7	3	100
2380	103.001	1	13	1	23	23	100
2381	13.001	25	11	1	7	108	100
2382	12.001	22	4	1	34	93	100
2383	13.001	22	4	1	34	93	100
2384	2.002	42	12	100	10	2	100
2385	13.001	19	12	1	1	123	100
2386	12.001	22	8	1	34	93	2
1531	2.009	54	14	100	1	4	100
1532	69.001	54	14	100	1	2	100
1533	2.008	78	14	100	100	2	100
1534	2.01	19	8	1	100	2	100
1536	35.001	69	11	1	1	3	100
1537	9.001	97	100	1	1	49	100
1538	14.001	57	100	1	7	7	100
1539	14.001	18	13	100	100	2	100
1540	9.001	57	14	1	1	49	100
1542	14.001	101	100	1	100	7	100
1544	76.001	25	1	100	100	2	100
1550	9.001	57	100	1	1	49	100
1553	15.004	88	100	100	100	2	100
1554	21.001	47	13	1	7	21	100
1561	19.001	38	44	1	7	1	100
1565	14.001	159	44	100	100	7	100
1564	14.002	29	44	100	100	7	100
1569	2.002	225	12	100	1	4	100
1571	2.002	163	14	1	1	4	100
1572	5.002	122	14	1	7	3	2
1573	81.001	3	1	100	100	2	2
1574	87.001	16	8	1	7	3	100
1575	43.003	1	12	1	7	6	100
1576	9.002	25	3	1	100	2	100
1577	12.005	1	8	1	1	3	100
1578	69.001	1	8	1	1	31	100
1579	22.009	36	5	1	100	1	100
1580	11.001	1	3	1	100	2	100
1581	11.001	18	3	1	100	2	100
1582	34.009	1	11	1	1	3	100
1583	19.001	10	100	1	1	49	100
1584	9.001	10	100	1	100	49	100
1585	14.001	101	3	1	100	7	100
1586	14.001	10	13	1	7	7	100
1587	34.01	1	11	1	1	3	100
1588	9.003	25	4	1	100	2	100
1589	11.001	1	100	1	100	2	100
1590	12.006	1	8	1	1	3	100
1591	22.001	98	14	1	1	49	100
1592	22.001	116	100	1	100	2	100
1593	9.001	10	14	1	1	49	100
1595	2.014	10	13	1	7	20	100
1596	44.002	16	10	1	1	45	2
1597	82.001	1	1	1	1	3	100
1598	9.006	1	8	1	100	2	100
1599	2.001	15	44	1	100	1	100
1600	2.001	1	5	1	1	3	100
1601	12.001	1	13	1	1	3	100
1602	2.001	1	44	1	100	2	100
1603	14.001	10	13	1	7	22	100
1604	60.001	1	8	1	7	82	100
1605	60.001	1	21	1	7	3	100
1606	60.001	1	8	1	7	3	2
1607	19.001	38	14	1	7	26	100
1608	2.002	10	14	100	100	7	100
1609	108.001	25	8	2	7	53	100
1610	108.001	25	8	1	7	5	100
1611	121.001	25	8	1	7	53	100
1612	121.001	25	8	1	7	5	100
1613	9.001	1	21	1	1	10	100
1614	14.001	29	3	100	100	2	100
1615	5.002	122	1	1	7	3	100
1616	14.001	10	3	100	100	1	29
1617	14.001	1	3	1	100	2	100
1618	60.001	1	8	1	7	3	4
1619	34.011	1	11	100	1	3	100
1620	10.003	25	12	1	21	47	100
1621	60.001	1	12	13	7	3	100
1622	60.001	1	12	1	7	3	31
1623	9.001	69	19	1	1	22	100
1624	2.002	10	13	1	1	4	100
1625	19.001	18	100	1	7	55	100
1626	14.001	171	3	100	1	4	100
1627	2.002	10	100	1	1	4	100
1628	19.001	18	100	1	7	20	100
1629	14.001	10	3	1	1	100	100
2125	103.002	47	14	1	7	113	100
1631	1.008	69	14	100	100	2	100
1632	19.001	18	100	1	7	15	100
2126	19.001	69	13	1	7	114	100
1636	1.001	54	14	100	100	2	100
2127	14.001	14	100	100	100	115	100
2131	2.002	295	13	1	7	3	100
2133	2.002	297	3	100	100	7	100
2135	19.001	299	100	1	7	15	100
2137	19.001	301	100	1	7	15	100
2160	19.001	38	4	1	7	26	100
2162	9.001	74	27	100	7	10	100
2164	5.002	2	17	100	1	3	100
2165	43.002	1	23	1	7	2	100
2166	14.001	29	3	100	41	7	100
2169	14.001	29	44	100	100	7	2
2172	131.001	25	3	100	100	100	1
2186	14.001	14	1	100	37	3	100
2188	2.001	16	1	1	100	2	100
2189	10.007	19	12	1	7	3	100
2201	60.001	1	9	1	7	3	100
2210	9.001	54	1	1	1	22	100
2211	9.001	1	3	1	1	22	100
2237	19.007	54	100	1	7	15	100
2238	60.001	1	8	1	7	53	2
2239	60.001	1	4	1	7	3	100
2241	2.002	78	100	100	1	59	100
2387	13.001	19	11	1	34	93	100
2388	21.001	16	11	1	7	117	100
2389	21.001	47	8	1	7	93	100
2390	10.001	33	11	1	2	121	100
2391	18.001	38	100	1	7	15	100
2392	142.001	16	8	1	7	6	100
2393	120.001	1	48	1	7	3	100
2394	147.001	16	4	1	7	6	100
2395	43.001	1	8	1	7	122	2
2396	145.001	25	11	1	1	3	100
2397	43.001	16	4	1	7	119	100
2398	103.002	47	14	1	7	21	100
2399	34.001	38	13	1	7	103	100
2400	43.002	16	8	1	7	125	100
2401	18.001	40	13	100	7	34	100
2402	34.007	40	11	100	7	21	100
2403	12.001	192	8	1	7	3	100
2404	44.001	40	9	100	1	34	100
2405	103.001	1	8	1	1	117	100
2406	2.002	19	100	100	7	4	100
2407	144.001	47	14	1	7	21	100
2408	2.002	40	100	100	1	5	100
2409	43.002	1	8	100	1	126	100
2410	12.001	192	8	1	7	62	100
2411	10.003	247	8	1	7	9	100
2412	146.001	1	8	1	7	120	100
2413	34.006	40	100	100	7	3	100
2414	34.018	40	100	100	7	4	100
2415	13.003	40	100	100	1	34	100
2416	143.001	1	13	1	7	125	100
2417	2.002	288	4	1	7	3	100
2418	5.002	288	8	1	7	3	100
2419	10.003	307	8	1	7	21	100
2420	34.006	307	3	1	7	4	100
2421	13.001	316	12	1	7	9	100
2422	13.001	314	4	1	7	22	100
2423	21.001	306	8	1	7	21	100
2424	18.001	308	12	1	2	24	100
2425	21.001	313	8	1	1	23	100
2426	34.007	122	100	100	7	4	100
2427	43.002	310	8	1	7	3	100
2428	5.002	317	100	1	7	3	100
2484	13.001	22	8	1	34	129	100
2487	10.001	33	54	1	2	5	100
2490	21.001	16	13	1	21	3	100
2494	21.001	10	55	1	7	3	100
2495	13.001	25	54	1	7	53	100
2496	13.001	19	53	1	7	9	100
2497	10.003	1	11	1	7	47	100
1630	2.008	54	13	100	100	2	100
1633	2.008	42	100	100	100	2	100
1634	2.002	10	13	100	1	4	100
1635	19.001	18	3	1	7	20	100
1637	14.001	105	13	100	100	100	100
1638	10.001	235	12	1	2	5	100
1639	2.002	10	4	1	1	4	100
1640	2.008	54	100	100	1	2	100
1641	19.001	54	100	1	7	15	100
1642	19.001	18	100	1	1	22	100
1643	19.001	18	13	1	7	15	100
1644	2.002	10	13	100	22	49	100
1645	19.001	54	100	100	100	1	100
1646	14.001	10	3	100	7	18	100
1647	2.001	10	14	100	6	4	100
1648	14.001	10	13	100	100	4	100
1649	2.002	10	100	1	1	49	100
1650	19.001	1	14	1	1	49	100
1651	19.001	10	100	100	1	4	100
1652	9.001	18	13	1	7	15	100
1653	19.001	18	100	1	1	4	100
1654	2.002	10	100	1	100	89	100
1655	14.001	58	13	100	7	20	100
1656	43.002	1	13	1	7	3	100
1657	2.002	1	1	100	7	3	100
1658	2.002	89	100	100	7	20	100
1659	19.001	124	14	100	1	20	100
1660	2.001	1	100	100	7	3	100
1661	2.002	89	3	100	7	4	100
1662	14.001	18	13	100	7	20	100
1663	2.002	174	11	100	1	4	100
1664	2.008	54	100	1	7	20	100
1665	14.001	49	14	100	7	20	100
1666	2.002	10	100	100	7	4	6
1667	2.002	174	100	100	1	4	100
1668	19.001	10	13	100	7	26	100
1669	2.002	174	13	100	1	4	100
1670	14.001	18	100	100	7	22	100
1671	14.001	203	13	100	7	20	100
1672	18.001	25	24	1	7	43	100
1673	2.002	89	9	100	7	4	100
1674	19.001	10	13	1	7	3	100
1675	2.002	225	100	100	1	4	100
1676	19.001	174	100	100	7	20	100
1677	2.002	38	100	100	7	55	100
1678	10.001	233	8	1	2	5	2
1679	34.017	40	100	100	7	4	100
1680	10.001	234	8	1	2	24	2
1681	10.001	33	8	1	30	5	100
1682	10.001	33	8	1	31	5	100
1683	10.001	234	8	1	7	3	100
1684	13.001	25	8	1	1	53	100
1685	10.003	1	12	1	7	25	100
1686	13.002	1	11	1	21	3	100
1687	21.001	1	12	1	7	3	100
1688	43.001	1	8	1	7	8	100
1689	43.002	1	12	1	7	80	100
1690	13.002	1	21	1	7	3	100
1691	13.001	192	8	1	1	9	100
1692	43.002	1	12	1	21	23	100
1693	13.001	1	8	1	1	1	100
1694	10.001	33	8	1	2	9	100
1695	18.001	1	11	1	7	3	100
1696	13.002	1	8	1	7	3	100
1697	18.001	16	8	1	7	3	100
1698	10.003	1	12	1	7	47	100
1699	13.001	25	8	1	7	3	100
1700	2.002	1	8	1	7	23	100
1701	18.001	59	8	1	7	22	100
1702	18.001	192	8	1	1	25	100
1703	18.001	1	8	1	7	48	1
1704	10.001	33	17	1	2	5	100
1705	13.002	1	11	1	7	3	100
2138	19.001	301	12	1	7	15	100
1707	13.002	1	12	1	7	3	100
1708	13.001	25	9	1	7	53	100
2139	19.001	302	13	1	7	3	100
2140	2.002	287	3	1	1	3	100
2143	34.001	1	50	1	1	3	100
2161	9.001	1	17	1	2	10	100
2163	9.001	1	17	1	100	2	100
2167	14.001	29	44	100	100	7	100
2168	14.001	29	100	100	100	7	2
2170	14.001	10	14	1	7	7	100
2171	34.008	42	100	100	10	2	100
2187	2.001	39	100	100	7	4	100
2202	34.007	305	100	100	7	4	100
2212	134.001	19	3	1	7	3	100
2213	132.001	10	100	100	100	1	100
2215	135.001	49	13	100	7	20	100
2217	137.001	10	100	100	100	2	100
2220	139.001	292	4	100	100	1	100
2221	14.009	15	3	100	100	7	100
2225	3.004	88	100	100	100	19	100
2226	34.018	1	11	1	1	3	100
2227	44.004	9	1	100	100	100	100
2240	93.001	311	3	100	100	100	1
2242	93.001	311	13	100	100	100	1
2429	2.002	1	4	1	7	3	100
2430	5.002	1	4	1	7	3	100
2431	5.002	1	11	1	7	3	100
2432	5.002	16	4	1	7	3	100
2433	13.002	1	13	1	7	3	100
2434	11.001	1	4	1	7	15	100
2435	5.002	16	8	1	7	3	100
2436	5.002	1	11	1	1	22	100
2437	13.001	1	8	1	1	22	100
2438	21.001	1	13	1	7	3	100
2439	13.002	1	9	1	21	3	100
2440	13.002	1	12	1	21	3	100
2441	12.001	16	11	1	7	6	100
2442	13.002	25	4	1	7	3	100
2443	13.001	1	10	1	7	22	100
2444	12.007	1	11	1	7	22	100
2445	13.001	19	12	1	7	9	100
2446	5.002	33	12	1	7	3	100
2447	13.002	25	12	1	7	3	100
2448	21.001	19	11	1	7	3	100
2449	21.001	1	11	1	7	22	100
2450	2.001	1	11	1	1	52	100
2451	43.001	1	4	1	7	15	2
2452	13.001	19	8	1	21	9	100
2453	21.001	1	12	1	34	3	100
2454	43.001	1	8	1	7	15	2
2455	27.003	1	12	1	34	3	100
2456	43.001	1	12	1	7	15	2
2457	43.002	19	8	1	7	3	100
2458	43.002	19	12	1	7	3	100
2459	21.001	1	4	1	7	52	100
2460	43.004	25	8	1	2	10	100
2461	18.001	1	8	1	7	55	2
2462	43.004	25	4	1	7	10	100
2463	21.001	47	12	1	7	3	100
2464	10.003	1	12	1	21	47	100
2465	18.001	36	12	1	2	24	100
2466	18.001	47	11	1	7	10	100
2467	43.004	25	13	1	2	10	100
2468	13.001	1	12	1	1	68	100
2469	43.001	47	13	1	7	21	100
2470	12.001	1	8	1	34	93	100
2471	13.001	25	8	1	7	108	100
2472	27.003	1	12	1	34	93	100
2473	12.001	22	8	1	34	93	100
2474	12.001	22	13	1	34	93	100
2475	13.001	22	13	1	34	93	100
2476	2.002	40	13	100	7	34	100
2477	34.007	40	11	100	7	4	100
2478	21.001	172	13	1	1	9	100
2479	9.001	192	8	1	7	1	100
2480	2.002	40	100	100	1	34	100
2481	13.002	303	8	1	7	3	100
1706	18.001	1	8	1	7	24	100
1709	120.001	1	8	1	7	3	100
1710	13.002	1	8	1	1	3	100
1711	43.002	1	8	1	7	15	100
1712	2.001	251	11	100	7	4	100
1713	14.001	10	3	100	100	1	31
1714	127.001	25	1	100	100	2	100
1715	43.002	1	8	1	7	1	100
1716	10.001	33	8	100	2	5	100
1717	13.001	1	12	1	7	22	100
1718	13.001	25	11	1	7	53	100
1719	13.001	1	12	1	7	3	100
1720	14.001	58	100	100	7	20	100
1721	14.001	244	14	100	7	20	100
1722	14.001	49	1	100	7	20	100
1723	2.002	216	3	100	7	4	100
1724	14.001	49	100	100	7	20	100
1725	2.024	133	37	1	7	48	100
1726	2.002	174	14	100	33	4	100
1727	2.002	54	100	100	7	18	100
1728	19.001	10	100	100	7	55	100
1729	19.001	124	100	100	7	20	100
1730	2.008	10	13	1	7	20	100
1731	14.001	5	14	100	100	7	100
1732	12.001	36	8	1	100	2	100
1733	4.001	16	8	1	100	1	100
1734	12.001	36	11	1	100	2	100
1735	128.001	33	4	1	2	5	100
1736	125.001	19	8	1	7	3	100
1737	87.002	16	8	1	7	3	100
1738	43.004	1	8	1	7	3	100
1739	10.003	246	8	1	7	21	100
1740	10.003	247	8	1	7	21	100
1741	18.001	22	8	1	34	93	100
1742	13.001	25	8	1	7	94	100
1743	21.001	248	8	1	7	3	100
1744	10.004	33	12	1	2	5	100
1745	126.001	59	8	1	7	22	100
1746	9.001	1	1	1	1	22	100
1747	9.001	236	100	1	1	49	100
1748	22.001	10	100	100	7	26	100
1749	2.008	54	100	100	100	2	100
1750	2.008	54	4	1	2	34	100
1751	2.002	89	37	100	7	4	100
1752	2.002	252	13	100	7	4	6
1753	19.001	18	100	1	1	15	100
1754	19.001	18	100	100	100	2	100
1755	19.001	237	100	1	7	15	100
1756	14.001	10	14	1	1	2	100
1757	14.001	239	13	100	1	4	12
1758	14.001	171	3	100	1	90	100
1759	14.001	10	100	100	1	4	100
1760	14.001	10	100	1	100	89	100
1761	14.001	240	13	100	7	3	100
1762	19.001	38	14	1	7	91	100
1763	19.001	47	100	1	7	17	32
1764	19.006	18	12	1	7	26	100
1765	2.001	10	100	100	100	1	100
1766	2.001	242	14	1	1	26	100
1767	9.001	238	100	1	1	22	100
1768	19.007	18	100	1	7	20	100
1769	2.002	171	100	100	1	90	100
1770	2.001	171	3	100	1	90	100
1771	2.002	10	100	100	1	4	100
1772	14.007	10	14	100	100	7	100
1781	19.001	124	3	100	1	81	100
1782	2.002	89	100	100	7	84	100
1783	2.002	10	100	100	7	84	6
1784	2.002	89	13	100	7	84	100
1785	2.002	216	11	100	7	84	6
1786	19.001	38	12	1	7	87	100
1787	21.001	1	8	1	7	92	100
1788	2.002	225	13	100	1	84	100
1789	14.001	18	13	100	7	81	100
1791	14.001	58	13	100	7	81	100
1792	2.002	1	48	1	7	82	30
1793	2.002	89	1	100	7	84	100
1794	69.001	64	11	100	7	81	100
1797	14.001	18	14	100	7	81	100
1798	2.002	89	12	100	7	84	100
1799	2.002	89	12	100	7	88	100
1800	2.002	89	37	100	7	84	100
1802	2.002	10	100	100	1	87	100
1803	19.006	18	12	1	7	87	100
1804	2.002	40	1	100	7	4	100
1805	5.002	122	11	1	7	3	100
1807	34.001	1	6	1	1	3	100
1808	14.008	10	3	100	100	1	31
1809	2.002	40	1	1	7	4	100
1810	78.002	122	14	1	7	3	100
1811	21.001	15	100	100	100	7	100
1812	2.002	40	3	100	1	3	100
1813	3.003	256	8	1	7	3	2
1815	5.002	222	14	1	7	3	2
1816	5.002	122	8	1	7	3	100
1817	14.001	10	3	100	100	1	30
1818	34.001	9	1	100	7	3	100
1819	2.001	9	3	100	100	3	100
1820	14.008	10	3	100	100	1	6
1821	14.008	10	3	100	100	1	29
1822	2.001	1	1	1	100	1	100
1823	14.008	10	3	100	100	1	100
1824	5.002	122	13	1	7	3	100
1825	9.001	82	14	100	100	2	100
1827	5.002	122	3	1	100	3	100
1828	43.002	122	14	1	7	3	100
1830	19.001	69	14	100	7	55	100
1831	2.002	19	14	100	1	68	100
1832	5.002	257	14	1	7	3	100
1833	14.001	171	13	100	1	90	100
1834	2.002	253	100	100	100	2	100
1835	2.002	69	100	100	100	2	100
1836	123.001	241	100	100	1	18	100
1837	2.002	243	1	100	1	18	100
1838	69.001	245	14	100	7	20	100
1839	2.024	133	13	1	7	48	100
1840	13.001	22	8	1	34	93	100
1841	19.001	47	12	1	7	15	100
1842	14.001	47	3	1	7	17	100
1843	129.001	40	100	100	7	4	100
1844	2.026	27	1	100	100	2	100
1845	9.001	105	1	100	100	2	100
1846	2.002	9	3	1	7	3	100
1847	5.002	19	3	1	1	3	100
1848	2.001	58	11	1	100	2	100
1849	2.002	40	9	100	7	3	100
1850	19.001	38	12	1	7	95	100
1851	19.001	89	14	100	7	82	100
1852	2.002	216	3	100	7	84	6
1853	2.002	89	3	100	7	84	100
1854	2.002	18	14	100	7	20	100
1855	2.002	249	37	100	7	84	100
1856	19.008	10	100	1	7	15	100
1858	19.001	49	1	100	7	81	100
1859	14.001	250	46	100	7	81	100
1860	14.001	49	14	100	7	81	100
1861	2.002	174	11	100	1	84	100
1862	19.001	10	14	1	7	87	100
1863	34.001	1	35	1	1	3	100
1864	14.001	18	13	100	7	22	100
1865	19.001	18	14	1	7	20	100
1866	2.001	222	11	100	7	4	100
1867	2.002	9	1	1	7	3	100
1868	14.002	16	1	100	100	7	6
1869	5.002	40	1	1	7	3	100
1870	14.001	10	3	100	100	1	27
1871	2.002	18	100	100	100	96	100
1872	14.001	10	1	100	100	1	100
1873	19.001	261	13	1	7	3	100
1874	14.008	16	3	1	1	3	100
1875	2.001	260	13	100	100	100	100
1876	2.002	89	100	100	1	4	100
1877	5.002	137	100	1	1	3	100
1878	2.001	15	8	1	100	1	100
1879	9.001	18	100	1	1	22	100
1880	2.002	258	14	100	100	2	100
1881	63.001	1	3	1	100	2	100
1882	2.002	42	13	100	10	2	100
1883	18.001	19	14	100	7	3	100
1884	93.001	259	3	100	100	100	100
1885	19.001	163	100	100	7	20	100
1886	34.001	1	3	1	7	3	100
1887	94.001	42	100	100	10	2	100
1888	2.002	18	14	100	100	100	100
1889	2.026	24	1	100	100	2	100
1890	14.001	10	14	100	1	22	100
1891	2.002	25	1	100	100	2	100
1892	12.001	161	13	1	16	49	8
1893	14.001	29	8	100	1	7	100
1894	12.001	161	13	1	16	49	100
1895	2.002	19	9	1	7	3	100
1896	19.001	124	13	100	23	20	100
1897	2.002	42	1	100	10	2	100
1898	2.001	1	1	1	7	2	100
1899	2.022	19	11	1	25	10	100
1900	2.002	40	11	100	7	4	100
1901	2.002	10	100	1	1	55	100
1902	2.001	54	1	100	1	22	22
1903	14.001	29	1	100	1	7	100
1904	2.027	14	100	100	35	1	100
1905	14.001	47	13	1	7	17	100
1906	2.001	24	1	100	100	2	2
1907	2.001	211	13	100	1	22	33
1908	34.007	54	1	100	7	4	100
1909	130.001	5	13	100	100	100	100
1910	14.001	47	3	1	7	15	100
1911	130.001	260	13	100	100	100	100
1912	2.002	274	11	100	7	4	100
1913	2.002	274	1	100	7	4	100
1914	14.001	10	3	100	100	1	7
1915	5.002	1	3	1	1	1	31
1916	15.003	275	14	100	1	26	100
1917	78.002	39	11	100	7	4	2
1918	34.001	40	1	100	7	3	100
1919	2.001	5	3	100	100	100	100
1920	34.007	274	100	100	7	4	100
1921	2.001	54	14	100	1	22	22
1922	2.001	211	1	100	1	22	33
1923	14.001	14	1	100	1	3	100
1924	2.001	24	1	100	7	4	1
1925	34.001	130	11	100	1	3	100
1926	19.001	38	37	1	7	15	100
1927	2.002	47	14	100	7	4	100
1928	2.001	47	1	100	7	4	1
1929	2.002	10	3	100	1	89	100
1930	2.002	10	3	100	1	102	100
1931	19.001	10	14	1	7	26	100
1932	9.001	10	23	1	1	55	100
1933	19.001	10	100	1	7	26	100
1934	2.002	18	14	1	1	4	100
1935	19.001	18	3	1	7	102	100
1936	19.001	18	100	1	100	89	100
1937	19.001	18	3	1	1	4	100
1938	2.002	40	3	100	7	4	100
1939	1.001	54	14	1	7	26	100
1940	9.001	69	14	1	1	22	22
1941	2.002	171	13	100	1	90	100
1942	19.001	278	100	100	100	103	100
1943	9.001	276	14	1	1	49	100
1944	14.001	277	41	100	1	4	100
1945	19.001	279	24	1	7	15	100
1946	2.002	280	14	1	1	4	100
1947	2.028	40	13	100	7	4	100
1948	14.001	10	100	100	100	1	31
1949	2.029	25	11	1	2	22	100
2141	34.001	291	11	1	1	3	100
2142	14.001	15	14	100	100	7	38
2144	2.001	9	50	100	100	100	100
2173	2.002	304	13	100	1	18	100
2175	14.001	10	100	100	100	1	37
2178	5.002	40	3	1	7	3	100
2190	5.002	19	8	1	1	3	100
2203	2.001	24	13	100	100	2	2
2204	34.007	305	14	100	7	4	100
2214	133.001	1	11	1	1	3	100
2216	136.001	3	1	100	100	2	100
2218	137.001	10	14	100	100	2	100
2219	138.001	15	100	1	7	38	100
2222	140.001	49	1	100	7	20	100
2223	19.009	24	12	1	7	15	100
2224	2.03	9	1	100	100	1	100
2228	44.004	16	100	1	1	45	100
2229	44.004	16	100	1	7	45	100
2230	5.006	1	3	1	1	3	100
2231	67.002	10	14	100	100	1	100
2232	93.002	15	1	100	44	7	100
2243	2.002	1	10	1	7	3	100
2244	2.002	1	8	1	7	6	1
2245	5.002	1	9	1	7	3	100
2246	2.001	1	13	1	7	3	100
2247	5.002	1	10	1	7	3	100
2248	13.001	1	13	1	1	1	100
2249	2.001	1	4	1	1	22	100
2250	2.002	1	12	1	7	8	100
2251	10.001	1	8	1	7	5	100
2252	13.002	1	8	1	7	2	100
2253	17.001	1	10	1	1	3	100
2254	17.001	1	11	1	1	3	100
2255	2.002	19	8	1	1	3	100
2256	13.001	1	10	1	7	3	100
2257	18.001	1	11	1	1	3	100
2258	12.001	1	12	1	7	3	100
2259	13.004	1	11	1	7	3	100
2260	21.001	1	4	1	7	3	100
2261	17.001	1	8	1	7	3	100
2262	2.002	19	1	8	1	7	3
2263	13.002	1	13	1	7	3	8
2264	5.002	16	4	1	7	6	100
2265	5.002	19	12	1	1	3	100
2266	21.001	1	9	1	7	3	100
2267	5.002	19	8	1	7	3	100
2268	5.002	1	13	1	1	22	100
2269	5.002	16	11	1	7	3	100
2270	18.001	1	11	1	7	6	1
2271	2.001	1	13	1	7	22	100
2272	17.001	16	8	1	1	3	100
2273	13.001	19	4	1	7	3	100
2274	10.001	19	12	1	2	5	100
2275	18.001	16	4	1	7	3	100
2276	21.001	1	12	1	7	8	100
2277	13.001	19	8	1	7	3	100
2278	13.002	19	8	1	7	3	100
2279	18.003	1	21	1	7	3	100
2280	13.002	1	13	1	21	3	100
2281	13.001	19	4	1	7	9	100
2282	12.001	16	11	1	7	6	1
2283	12.001	1	8	1	7	24	24
2284	17.001	19	12	1	1	3	100
2285	13.002	16	11	1	7	6	100
2286	10.003	1	10	1	7	25	100
2287	12.001	16	13	1	7	6	100
2288	13.001	1	11	1	7	22	100
2289	13.001	19	13	1	1	9	100
2290	13.001	19	12	1	1	10	100
2291	5.002	1	8	1	7	34	100
2292	13.002	1	13	1	7	21	100
2293	43.002	1	8	1	2	3	100
2294	21.001	19	8	1	7	3	2
2295	43.002	1	4	1	7	3	100
2296	10.004	33	8	1	2	5	100
2297	21.001	1	8	1	7	22	100
2298	5.002	1	24	1	7	22	100
2299	13.002	25	11	1	7	3	100
1950	9.001	105	3	100	100	2	100
1951	44.001	282	100	1	1	10	2
1952	2.001	1	1	1	100	2	31
1953	121.001	1	4	1	7	105	100
1954	2.002	89	14	100	1	26	100
1955	69.001	281	14	100	7	20	100
1956	2.008	10	100	1	7	15	100
1957	43.002	10	13	100	7	6	100
1958	2.002	54	100	100	100	2	100
1959	14.001	14	3	100	1	3	100
1960	5.005	257	14	1	7	3	100
1961	60.001	1	8	1	38	3	100
1962	2.001	10	100	1	1	22	100
1963	100.001	29	100	100	100	7	100
1964	2.001	9	3	100	100	3	2
1965	103.004	38	12	1	7	55	100
1966	14.001	10	13	1	7	7	35
1967	43.002	284	1	100	7	6	100
1968	2.001	283	14	1	100	1	100
1969	5.002	222	1	1	7	3	100
1970	2.001	39	1	100	7	4	2
1971	2.001	39	1	100	7	4	31
1972	2.001	171	100	100	1	90	100
1973	19.001	54	14	100	100	1	100
1974	5.002	19	21	100	1	22	100
1975	13.001	19	3	1	7	9	100
1976	2.002	10	14	100	7	26	100
1977	43.004	25	13	1	2	45	100
1978	69.001	10	13	100	1	4	100
1979	69.001	54	13	100	1	22	100
1980	2.002	285	1	100	7	4	100
1981	93.001	25	3	100	100	100	1
1982	2.001	39	11	100	7	4	35
1983	2.002	89	14	100	7	59	100
1984	22.001	50	3	100	100	1	2
1985	124.001	18	4	100	100	100	100
1986	130.001	33	100	100	100	99	34
1987	124.001	16	13	1	100	101	34
1988	130.001	272	13	15	100	99	34
1989	19.007	14	100	1	7	97	34
1990	2.023	10	47	12	1	2	28
1991	5.002	22	8	1	7	3	1
1992	19.007	271	100	1	36	100	34
1993	2.001	39	11	100	100	100	1
1857	34.007	122	1	100	7	6	100
1994	15.001	3	44	100	100	2	2
1995	15.001	3	44	100	100	2	100
1996	2.001	25	42	100	100	100	1
1997	2.001	9	44	100	100	100	100
1998	2.001	9	44	100	100	1	100
1999	2.001	10	100	100	100	7	100
2001	67.001	9	1	100	100	100	100
2002	2.007	9	1	100	100	100	2
2004	14.001	10	44	100	100	7	100
2005	69.001	54	3	100	7	20	100
2006	69.001	10	29	100	100	17	100
2007	70.001	54	100	100	3	100	100
2008	2.011	82	3	100	100	2	100
2009	73.001	25	3	100	100	100	100
2010	2.012	10	14	100	100	7	100
2011	76.001	25	1	100	100	2	2
2012	79.001	25	3	100	100	100	2
2013	1.004	5	100	100	100	1	100
2014	1.007	5	100	100	100	1	100
2015	1.007	5	100	100	14	1	100
2016	62.001	3	44	100	100	2	2
2017	103.003	1	8	1	1	3	100
2018	2.006	14	100	100	100	1	100
2019	19.001	5	14	1	7	15	100
2020	103.002	38	13	1	7	1	100
2021	103.002	38	12	1	7	26	100
2022	12.001	15	13	100	100	1	100
2023	13.001	35	100	1	100	7	100
2024	14.001	5	13	1	7	20	100
2025	14.001	10	1	100	100	19	10
2145	2.002	15	4	1	37	7	100
2026	14.001	14	1	100	100	1	100
2028	14.001	15	100	100	100	7	100
2146	19.001	14	100	100	100	1	100
2029	14.001	10	19	100	100	1	100
2174	2.001	39	14	100	7	4	100
2035	2.002	10	100	100	100	2	100
2176	14.01	10	1	100	100	2	100
2036	2.002	10	14	1	100	1	100
2177	78.002	122	1	1	7	3	100
2037	2.002	10	4	100	100	7	100
2191	5.002	222	14	1	43	3	100
2038	2.002	15	4	1	100	7	100
2040	2.002	15	3	100	100	7	100
2205	14.011	47	3	1	7	118	100
2041	2.002	15	100	100	100	7	100
2042	2.002	15	100	100	100	1	100
2206	34.007	40	1	100	7	4	100
2043	14.001	29	13	100	100	1	100
2047	2.001	15	1	1	100	1	100
2233	100.014	18	39	1	7	81	100
2049	2.001	24	3	100	100	2	100
2300	18.001	19	8	1	7	8	100
2050	2.002	19	4	1	100	2	100
2301	21.001	19	10	1	7	3	100
2051	34.001	3	1	100	100	2	100
2302	18.001	19	13	1	7	3	100
2053	14.001	15	1	100	100	7	100
2303	21.001	1	9	1	7	22	100
2304	21.001	16	8	1	7	8	100
2305	13.002	25	13	1	7	3	100
2306	18.001	1	11	1	7	25	2
2307	43.002	1	8	1	7	3	2
2308	43.001	1	4	1	7	8	100
2309	10.001	33	8	1	7	5	100
2310	13.001	19	8	1	21	3	100
2311	21.001	1	10	1	7	25	100
2312	2.001	1	11	1	1	52	6
2313	10.001	1	8	1	1	47	100
2314	10.003	1	4	1	7	47	100
2315	43.001	1	4	1	7	15	6
2316	11.001	1	4	1	40	15	100
2317	43.004	1	4	1	1	22	100
2318	43.001	1	13	1	7	8	100
2319	12.001	19	12	1	7	23	100
2320	43.001	1	8	1	7	15	6
2321	10.001	33	9	1	2	21	100
2322	13.002	1	51	1	7	3	100
2323	21.001	1	8	1	7	39	100
2324	43.001	1	8	1	1	23	100
2325	18.002	25	8	1	2	24	100
2326	43.001	1	11	1	1	22	100
2327	13.001	47	8	1	7	3	100
2328	43.002	19	12	1	1	3	1
2329	43.004	1	11	1	1	22	100
2330	19.005	19	13	1	7	21	100
2331	21.001	1	4	1	7	48	100
2332	12.001	22	8	1	34	5	100
2333	21.001	36	9	1	7	8	100
2334	43.002	19	10	1	7	3	1
2335	13.002	47	12	1	7	3	100
2336	43.001	16	11	1	7	6	100
2337	34.006	36	3	1	7	4	100
2338	18.001	47	11	1	7	3	100
2339	5.002	25	46	1	7	3	100
2340	10.003	47	12	1	7	10	100
2341	2.002	19	13	1	1	53	100
2342	43.004	19	17	1	7	3	100
2343	21.003	47	12	1	7	3	100
2344	18.001	36	11	1	2	24	100
2345	21.001	47	17	1	7	3	100
2346	18.001	36	12	1	7	24	100
2347	13.001	19	8	1	7	52	100
2348	18.001	36	21	1	2	24	100
2349	10.001	33	46	1	7	5	100
2350	13.001	25	4	1	7	53	100
2351	19.001	47	13	1	7	21	100
2352	18.001	47	14	1	7	21	100
2027	14.001	15	100	100	100	1	100
2030	14.001	10	12	100	100	1	100
2031	14.001	10	13	1	7	20	100
2032	14.001	10	14	100	100	19	10
2033	14.001	10	100	100	100	19	10
2034	2.002	10	100	100	100	1	100
2039	2.002	15	4	100	100	7	100
2044	19.001	38	100	1	7	1	100
2045	19.001	69	13	1	7	1	100
2046	19.001	15	100	1	7	1	100
2048	2.001	170	4	1	100	1	100
2052	4.001	36	100	1	100	2	100
2054	14.001	49	3	100	7	3	100
2055	14.001	144	1	100	100	7	100
2056	19.001	5	14	100	7	15	100
2057	19.001	5	100	1	7	15	100
2058	19.001	15	100	100	7	15	100
2059	19.001	15	13	1	7	20	6
2060	19.001	15	1	100	100	7	100
2061	19.001	10	1	1	7	15	100
2062	19.001	69	1	1	7	15	100
2063	19.001	261	1	1	7	3	100
2064	19.001	10	13	1	7	20	100
2065	19.001	10	4	1	7	15	100
2066	19.001	24	21	1	7	15	100
2067	19.001	35	13	1	7	20	100
2068	19.001	35	13	1	7	3	100
2069	19.001	38	13	1	7	26	100
2070	19.001	38	11	1	7	26	100
2071	19.001	38	13	1	7	38	100
2072	19.001	48	100	1	7	15	100
2073	19.001	88	13	1	7	3	100
2074	19.001	88	13	1	7	15	100
2075	19.001	88	3	1	7	15	100
2076	19.001	88	100	1	7	15	100
2077	34.001	1	13	1	1	3	100
2078	14.001	289	1	100	100	7	100
2079	2.006	48	100	100	35	19	10
2080	2.002	38	3	1	7	15	100
2081	2.001	10	1	100	100	100	6
2082	2.001	10	1	100	100	100	100
2083	2.001	9	1	100	1	3	2
2084	2.002	19	11	1	7	3	2
2085	2.002	19	100	100	7	18	100
2086	2.002	50	4	100	100	7	100
2087	2.002	50	13	1	100	1	100
2088	2.002	54	13	1	7	20	100
2089	2.002	88	100	1	100	19	100
2090	2.006	14	9	100	100	1	100
2091	2.006	14	8	100	100	1	100
2092	2.006	48	100	100	100	19	10
2093	2.006	49	3	100	7	20	100
2094	2.006	49	14	100	7	20	100
2095	2.006	228	100	100	100	19	100
2096	2.008	19	19	1	2	10	2
2097	2.008	19	19	1	14	10	100
2098	2.008	19	19	1	2	10	100
2099	21.001	49	3	100	7	20	100
2100	22.001	14	3	100	100	1	100
2101	22.001	15	100	100	100	1	100
2102	22.001	15	100	100	7	15	100
2103	22.001	88	3	1	7	15	100
2104	22.001	88	100	100	100	19	100
2105	34.001	1	100	1	100	3	100
2106	34.001	1	100	1	7	3	100
2107	34.001	10	1	100	100	7	10
2108	34.001	1	4	1	1	3	100
2109	34.001	1	11	1	1	3	12
2110	34.001	1	31	100	1	3	100
2111	34.001	10	29	1	1	3	100
2112	34.001	48	100	1	1	3	100
2113	34.001	50	11	1	1	3	100
2114	68.001	54	3	100	100	7	100
2147	10.001	38	12	1	7	26	100
2115	68.001	10	100	100	100	19	100
2149	2.032	16	1	1	100	2	100
2116	68.001	25	3	100	100	1	100
2152	14.001	130	1	100	100	2	100
2117	68.001	88	100	100	100	19	100
2118	68.001	203	14	100	100	2	100
2153	124.001	33	9	1	2	5	100
2119	19.001	89	13	1	7	20	39
2155	2.002	290	14	1	100	1	100
2120	22.001	15	3	100	43	1	100
2156	2.002	19	46	100	1	18	100
2121	43.002	206	100	1	7	6	100
2158	2.001	24	44	100	100	2	100
2122	9.001	10	14	100	100	19	10
2159	19.001	10	19	100	7	15	100
2123	9.001	14	100	100	100	1	100
2179	13.001	19	8	1	1	9	31
2181	34.001	19	8	1	1	1	100
2182	14.001	10	14	100	100	1	37
2184	2.001	39	11	100	7	10	100
2192	2.001	9	8	100	100	1	100
2194	2.001	9	44	100	100	1	2
2195	2.002	123	14	100	100	17	100
2207	34.007	40	100	100	7	100	100
2234	100.014	18	100	1	7	81	100
2235	140.001	277	13	100	1	88	100
2353	18.001	47	14	1	7	21	6
2354	21.001	22	11	1	1	52	100
2355	19.01	47	13	1	7	21	100
2356	21.001	47	12	1	7	21	100
2482	18.001	307	8	1	1	3	100
2483	10.003	312	12	1	7	21	100
2485	13.002	47	11	1	7	21	100
2486	2.002	40	100	100	1	34	40
2488	13.001	318	17	1	7	8	100
2489	21.001	1	10	1	7	34	100
2491	21.001	19	12	1	1	31	100
2492	43.001	1	52	1	7	110	100
2493	13.001	19	55	1	7	116	100
2498	103.001	1	52	1	1	117	100
2499	10.003	22	4	1	1	52	100
2500	13.001	22	8	1	34	52	100
2501	103.002	1	11	1	7	3	100
2502	2.002	319	8	1	7	3	1
2503	22.001	1	8	1	1	3	100
2504	5.002	1	54	1	7	3	100
2505	21.001	309	4	1	7	8	100
2506	5.002	1	21	1	7	47	100
2507	13.002	19	12	1	7	3	100
2508	21.001	1	12	1	34	93	100
2509	13.002	19	12	1	7	93	100
2510	13.001	25	8	1	7	6	100
2511	43.002	122	100	100	7	3	100
2512	109.001	267	8	1	7	3	100
2513	13.001	264	3	1	1	9	100
2514	14.001	82	100	100	100	7	100
2515	14.001	139	13	100	7	98	100
2516	19.001	265	14	1	7	55	100
2517	19.001	261	11	1	7	1	100
2518	2.001	19	3	1	1	3	100
2519	2.001	269	1	100	100	2	100
2520	2.001	266	13	100	1	22	100
2521	2.002	40	100	100	7	55	6
2522	2.002	124	3	100	7	4	6
2523	2.002	54	14	1	5	2	100
2524	22.001	263	100	100	100	7	100
2525	22.001	268	1	100	100	2	100
2526	44.001	16	49	1	1	10	100
2527	93.002	15	1	100	100	7	100
2528	13.001	19	55	11	1	116	100
2529	21.001	1	55	10	7	3	100
2530	13.001	19	55	1	1	116	100
2531	21.001	1	55	1	7	3	100
2532	2.002	22	11	1	7	3	100
2533	18.001	25	37	1	1	3	100
2534	13.001	1	11	1	7	3	100
2535	10.001	33	12	1	7	5	100
2536	10.001	22	8	1	34	93	100
2537	2.002	89	100	100	7	26	100
2538	2.002	124	100	100	7	4	6
2539	13.002	1	8	1	7	128	100
2540	13.002	1	12	1	7	128	100
2541	13.001	1	9	1	7	22	42
2542	10.003	315	8	1	7	21	100
2543	9.001	192	8	1	7	35	100
2544	18.001	19	11	1	7	3	41
2545	34.02	64	100	1	1	3	100
2546	14.001	320	3	100	100	2	100
2547	34.021	1	11	1	1	3	100
2548	22.008	25	100	100	100	1	100
2549	5.002	1	17	1	1	3	100
2550	11.001	25	21	1	100	2	100
2551	5.002	22	24	1	1	3	100
2552	5.002	69	21	1	1	3	100
2553	15.001	60	21	100	100	2	100
2554	10.001	19	17	1	5	2	100
2555	74.001	3	1	100	100	2	100
2556	100.002	161	3	100	13	2	100
2557	100.003	80	100	100	100	1	100
2558	22.001	19	31	1	100	2	15
2559	9.001	10	13	1	7	7	100
2560	14.001	99	14	100	100	7	100
2561	9.001	10	100	1	7	22	100
2562	14.001	102	100	1	1	49	100
2563	2.002	2	17	1	1	3	100
2564	5.002	2	21	1	1	3	100
2565	2.001	9	17	100	100	100	100
2566	13.002	1	4	1	7	15	2
2567	12.002	1	8	1	1	3	100
2568	19.001	38	41	1	7	20	100
2569	19.001	120	12	1	7	43	100
2570	69.001	54	8	100	1	20	100
2571	44.001	16	10	1	18	10	100
2572	2.001	121	13	1	7	3	100
2573	2.001	25	42	100	19	100	1
2574	10.001	19	8	3	2	5	100
2575	1.006	18	100	100	100	2	100
2576	43.002	122	12	100	7	6	100
2577	14.001	54	100	100	100	2	100
2578	5.002	1	8	1	7	25	100
2579	2.002	54	1	100	1	4	100
2580	9.001	25	100	100	100	2	100
2581	2.002	47	12	1	7	17	100
2582	2.002	225	14	100	1	4	100
2583	12.004	1	3	1	1	3	100
2584	34.001	1	11	9	1	3	100
2585	2.008	131	12	100	2	51	100
2586	14.001	5	13	100	100	7	100
2587	15.001	60	13	100	100	2	100
2588	14.001	10	100	1	7	26	100
2589	2.024	133	3	1	7	48	100
2590	2.002	1	100	1	7	6	100
2591	100.007	18	14	100	100	1	8
2592	69.002	10	3	1	7	17	100
2593	2.002	40	14	100	7	4	100
2594	2.002	42	100	2	10	2	100
2595	69.002	153	3	1	7	17	100
2596	2.002	40	11	100	7	4	2
2597	2.001	154	3	100	1	22	100
2598	19.001	1	12	1	7	55	100
2599	2.008	131	13	1	2	51	100
2600	19.001	25	1	1	7	51	100
2601	19.001	40	13	100	7	4	100
2602	44.001	155	10	1	1	10	100
2603	2.014	156	13	1	7	20	100
2604	19.001	10	100	100	1	59	100
2605	9.001	5	1	100	100	100	100
2606	9.001	157	10	1	1	60	100
2607	34.001	158	11	1	1	3	2
2608	14.001	10	19	10	100	7	100
2609	14.001	9	3	100	100	2	100
2610	2.002	89	11	100	7	4	100
2611	5.002	122	14	3	7	3	100
2612	2.002	89	44	100	7	4	100
2613	2.002	57	100	100	7	6	100
2614	2.002	40	100	100	1	20	100
2615	70.001	10	13	100	100	1	100
2616	69.001	5	14	100	1	68	100
2617	43.002	122	44	100	7	6	100
2618	14.001	240	100	100	7	3	100
2619	43.002	38	13	100	7	26	100
2620	2.001	9	3	100	100	1	100
2621	3.001	40	13	100	7	4	100
2622	5.002	226	100	1	1	3	100
2623	14.001	35	100	1	100	1	100
2624	2.001	227	4	1	100	1	100
2625	3.004	88	8	100	100	19	100
2626	2.002	201	8	100	1	4	100
2627	2.006	1	100	100	100	19	100
2628	2.001	27	44	100	100	100	2
2629	14.001	69	14	100	100	1	6
2630	2.002	201	100	100	1	4	100
2631	12.001	35	100	1	100	7	100
2632	2.001	50	12	1	100	1	100
2633	12.001	1	13	1	1	20	100
2634	3.004	88	8	100	100	1	100
2635	103.002	38	13	1	7	15	100
2636	22.001	15	3	1	100	1	100
2637	19.001	228	12	1	7	15	100
2638	2.002	54	13	1	7	1	100
2639	14.001	296	3	100	7	20	2
2640	19.001	261	13	1	7	1	100
2641	2.002	15	44	100	100	7	100
2642	2.002	10	54	100	7	18	100
2643	22.001	19	31	1	100	2	100
2644	81.001	3	44	100	100	2	100
2645	15.001	60	100	2	100	2	100
2646	19.001	47	12	1	7	26	100
2647	2.002	216	11	100	7	4	2
2648	19.001	38	44	1	7	26	100
2649	2.002	225	14	100	1	3	100
2650	2.002	105	44	100	100	2	100
2651	2.002	40	13	2	7	4	100
2652	14.001	130	3	2	100	2	100
2653	2.001	1	44	3	100	2	100
2654	5.002	10	3	1	1	3	100
2655	93.001	25	3	100	100	100	100
2656	2.002	40	44	1	7	4	100
2657	2.002	1	1	1	100	2	100
2658	15.001	3	44	100	100	56	100
2659	19.001	38	12	1	15	26	100
2660	14.001	10	14	100	7	22	100
2661	14.001	57	13	100	1	2	100
2662	18.001	1	12	1	7	15	2
2663	34.001	1	11	1	1	66	100
2664	19.001	54	3	100	100	1	100
2665	9.001	229	19	1	1	22	100
2666	9.001	10	13	1	7	49	100
2667	22.001	18	100	1	1	49	100
2668	19.001	54	100	100	1	49	100
2669	14.001	230	100	1	1	49	100
2670	2.002	54	13	100	7	18	100
2671	22.001	36	5	1	100	1	100
2672	34.001	19	11	1	5	2	100
2673	22.001	10	100	100	100	7	100
2674	19.001	10	3	100	5	7	100
2675	14.001	10	3	100	3	2	100
2676	100.001	33	16	1	2	5	100
2677	10.001	25	8	1	2	3	100
2678	10.001	1	100	1	2	5	100
2679	2.002	33	11	1	2	5	100
2680	5.002	1	100	1	1	5	37
2681	10.001	232	11	1	1	3	100
2682	10.001	267	11	1	1	3	100
2683	101.001	25	8	1	1	4	100
2684	10.001	18	16	1	1	3	100
2685	10.001	33	8	1	2	3	100
2686	10.001	1	8	1	1	3	2
2687	10.001	1	100	1	1	3	100
2688	5.002	54	13	1	7	3	100
2689	72.001	1	11	1	1	23	100
2690	10.001	1	8	1	1	3	6
2691	10.001	25	11	1	2	5	100
2692	71.001	1	17	1	1	3	100
2693	101.001	25	100	1	2	5	100
2694	10.001	1	8	1	1	4	100
2695	5.002	1	11	1	23	5	100
2696	5.002	1	100	1	23	3	100
2697	10.001	232	26	1	1	3	100
2698	10.001	1	11	1	1	47	100
2699	2.002	304	14	100	1	18	100
2700	2.002	1	9	1	1	3	100
2701	2.001	1	100	1	3	37	100
2702	43.001	1	8	1	3	37	100
2703	2.001	1	8	1	3	37	100
2704	2.033	123	14	1	100	100	100
2705	34.001	174	100	100	7	20	100
2706	2.001	40	1	100	100	100	100
2707	2.001	40	44	100	100	100	100
2708	3.001	222	14	1	7	3	100
2709	5.002	122	54	1	7	3	100
2710	2.002	14	100	100	100	115	100
2711	2.001	18	19	100	1	59	100
2712	2.001	1	14	1	100	2	100
2713	43.002	89	4	100	7	2	100
2714	2.022	19	100	1	25	3	100
2715	2.001	39	44	100	7	4	100
2716	2.006	168	44	1	7	1	100
2717	9.001	10	13	1	1	22	100
2718	19.001	19	14	100	7	3	100
2719	19.001	47	3	100	1	17	100
2720	69.001	10	14	100	1	68	100
2721	9.001	1	1	100	1	22	100
2722	14.002	29	44	100	100	7	7
2723	14.001	54	14	100	1	22	100
2724	2.002	1	100	100	100	2	100
2725	2.002	50	44	100	100	7	2
2726	2.002	10	13	100	1	26	100
2727	5.002	122	44	1	7	3	100
2728	2.002	50	1	100	100	7	2
2729	19.001	163	12	100	7	20	100
2730	5.002	122	8	1	7	15	100
2731	2.001	39	44	100	100	100	100
2732	5.002	54	14	1	7	3	100
2733	2.008	131	44	100	2	51	100
2734	2.001	9	44	100	1	4	100
2735	13.001	172	8	1	1	9	100
2736	17.001	16	12	1	7	23	100
2737	18.001	1	52	1	7	3	100
2738	7.001	1	11	1	7	22	100
2739	43.004	25	13	1	2	10	1
2740	18.001	36	37	1	2	24	100
2741	44.001	16	8	1	1	10	100
2742	10.001	19	17	1	2	5	100
2743	43.002	19	12	1	7	3	1
2744	2.002	19	12	1	7	8	100
2745	18.001	36	8	1	2	1	100
2746	12.001	22	12	1	34	93	100
2747	22.001	16	8	1	7	3	100
2748	43.002	19	4	1	2	3	100
2749	9.001	19	8	1	7	3	100
2750	9.001	19	8	1	7	4	100
2751	12.001	1	12	1	1	23	100
2752	13.001	19	8	1	1	10	100
2753	43.002	1	12	1	7	3	100
2754	13.002	1	4	1	7	3	100
2755	43.004	47	13	1	7	21	100
2756	21.001	19	7	1	7	3	100
2757	2.002	36	8	1	7	39	2
2758	21.001	36	12	1	7	8	100
2759	43.002	16	11	1	7	41	100
2760	22.001	16	10	1	7	3	100
2761	13.001	19	8	1	1	100	100
2762	13.001	47	13	1	7	21	100
2763	13.002	47	13	1	7	21	100
2764	43.002	1	8	1	1	1	100
2765	13.001	1	11	1	1	22	100
2766	43.002	1	8	1	7	8	100
2767	43.004	25	13	1	2	3	100
2768	13.002	19	13	1	21	3	100
2769	13.002	16	8	1	7	3	100
2770	43.002	19	11	1	2	3	100
2771	21.001	16	8	1	7	3	100
2772	13.001	19	4	1	1	31	100
2773	13.001	16	13	1	7	3	100
2774	9.001	19	12	1	7	9	100
2775	12.001	19	8	1	7	3	100
2776	44.001	22	8	1	1	10	100
2777	18.001	192	8	1	1	3	2
2778	18.001	1	8	1	1	3	100
2779	13.001	36	8	1	1	1	100
2780	43.002	1	13	1	7	62	100
2781	5.002	22	13	1	1	100	100
2782	2.002	274	100	100	1	4	100
2783	18.001	16	4	1	7	15	100
2784	43.001	1	4	1	7	6	100
2785	13.001	1	14	1	1	3	100
2786	2.001	1	11	1	1	22	2
2787	43.002	1	10	1	7	3	100
2788	9.001	22	8	1	7	4	100
2789	19.001	47	13	1	21	21	100
2790	13.001	1	21	1	7	3	100
2791	43.002	19	13	1	7	3	100
2792	18.001	1	8	1	1	22	100
2793	13.002	1	8	1	21	3	100
2794	13.001	19	8	1	1	8	100
2795	18.001	59	11	1	7	3	100
2796	86.001	1	12	1	1	3	2
2797	21.001	1	52	1	7	2	100
2798	12.001	19	8	1	1	9	100
2799	22.001	1	11	1	7	2	100
2800	13.001	19	8	1	1	9	1
2801	18.001	59	100	1	21	3	100
2802	21.001	25	12	1	7	3	100
2803	19.001	47	12	1	7	21	100
2804	103.002	47	13	1	7	21	100
2805	13.001	19	11	1	7	9	100
2806	43.001	16	12	1	7	3	100
2807	13.001	19	100	1	1	22	100
2808	21.001	16	12	1	7	6	100
2809	2.001	1	11	1	7	22	100
2810	19.001	47	11	1	7	21	100
2811	10.003	19	8	1	7	9	100
2812	5.002	1	8	1	1	121	100
2813	5.002	1	8	1	1	121	1
2814	22.001	19	8	1	7	3	100
2815	2.002	19	23	1	7	3	1
2816	2.008	161	14	1	7	3	100
2817	9.001	25	44	1	100	2	100
2818	78.001	25	44	100	100	2	100
2819	69.001	10	100	100	100	17	100
2820	14.001	10	44	100	100	1	100
2821	12.001	9	1	100	100	1	100
2822	69.001	10	29	100	100	17	12
2823	100.006	123	100	100	100	2	100
2824	34.001	42	100	100	10	2	100
2825	34.006	40	11	100	7	4	100
2826	19.001	161	14	100	100	7	100
2827	1.001	10	44	100	100	7	100
2828	2.002	59	14	100	100	7	100
2829	43.002	38	8	1	7	26	100
2830	2.001	1	44	100	100	100	100
2831	2.002	14	14	100	100	100	100
2832	12.004	1	44	1	1	3	100
2833	12.001	9	44	100	100	1	100
2834	2.002	150	100	100	100	7	100
2835	22.001	127	1	100	100	7	100
2836	19.001	18	100	100	100	100	100
2837	43.002	206	3	1	7	6	100
2838	2.002	10	1	100	100	7	100
2839	19.001	14	100	100	100	100	100
2840	1.001	10	1	100	100	7	100
2841	2.002	25	44	100	100	2	100
2842	2.002	105	3	100	100	2	100
2843	43.002	122	8	100	7	6	100
2844	22.001	25	44	100	100	7	100
2845	69.001	10	100	100	100	2	100
2846	34.001	1	44	1	1	3	100
2847	14.001	5	44	100	100	7	100
2848	19.001	38	8	1	7	26	100
2849	19.001	14	14	100	100	100	100
2850	12.005	1	44	1	1	3	100
2851	19.001	38	44	1	7	15	100
2852	5.002	1	44	1	1	23	100
2853	44.001	16	44	1	1	10	100
2854	1.001	162	44	100	100	1	100
2855	80.001	9	44	100	100	100	100
2856	22.001	25	44	100	100	1	100
2857	1.001	5	44	100	100	1	100
2858	2.001	9	44	1	100	100	100
2859	13.001	19	44	1	1	9	100
2860	14.001	11	54	100	100	2	100
2861	2.001	170	44	1	100	1	100
2862	2.001	9	44	100	100	100	2
2863	4.001	25	4	1	5	2	100
2864	47.001	25	44	100	100	100	2
2865	2.001	27	44	100	100	100	100
2866	5.002	1	11	1	1	3	12
2867	5.002	1	44	1	1	3	100
2868	5.002	1	44	1	1	3	2
2869	15.002	25	44	1	100	2	2
2870	2.011	82	14	100	22	2	100
2871	2.002	174	3	100	7	4	100
2872	5.002	38	10	1	1	3	2
2873	2.008	54	100	100	100	1	100
2874	2.001	169	3	1	100	7	100
2875	43.002	122	3	100	7	6	100
2876	9.001	1	20	1	1	3	100
2877	14.001	130	100	100	100	2	100
2878	69.001	35	44	1	7	15	100
2879	69.001	35	1	1	7	15	100
2880	10.001	38	100	1	7	26	100
2881	2.001	122	100	1	7	6	100
2882	13.001	122	100	100	7	6	100
2883	5.002	1	14	1	7	3	100
2884	2.001	39	11	100	1	3	100
2885	2.001	39	3	100	100	100	100
2886	69.001	54	13	100	7	20	100
2887	14.001	18	3	100	1	18	100
2888	2.002	245	8	100	2	26	100
2889	2.001	1	3	1	100	2	100
2890	15.001	19	8	1	1	9	100
2891	5.002	58	3	1	1	3	100
2892	19.001	25	100	1	7	43	100
2893	2.002	245	3	100	2	26	100
2894	93.001	25	44	100	100	100	2
2895	86.001	16	11	1	7	6	100
2896	34.001	19	8	1	7	9	100
2897	34.001	1	14	1	1	1	2
2898	3.001	40	11	100	7	4	100
2899	2.001	39	11	100	7	4	5
2900	2.017	1	1	1	100	2	100
2901	2.001	39	1	100	7	18	100
2902	2.001	39	1	100	7	2	100
2903	1.001	5	100	100	100	1	12
2904	1.001	25	100	100	100	2	100
2905	1.008	137	100	100	100	1	100
2906	2.001	39	1	100	100	100	1
2907	2.001	183	1	100	100	100	2
2908	2.001	39	11	100	7	4	8
2909	2.001	9	1	100	100	100	12
2910	2.001	9	13	100	100	100	12
2911	2.001	5	100	100	100	100	12
2912	2.001	19	13	1	7	22	22
2913	2.001	9	3	2	100	1	100
2914	2.001	9	14	100	100	1	100
2915	2.001	18	100	100	100	1	100
2916	2.001	1	1	1	1	2	100
2917	2.001	1	10	1	1	2	100
2918	2.001	24	1	1	100	2	100
2919	2.001	25	1	1	100	2	100
2920	2.001	69	1	1	100	2	100
2921	2.001	39	1	100	100	2	100
2922	2.001	40	1	100	100	2	100
2923	2.001	1	3	100	100	2	100
2924	2.001	9	3	100	100	2	100
2925	2.001	39	3	100	100	2	100
2926	2.001	24	6	100	100	2	100
2927	2.001	105	13	100	100	2	100
2928	2.001	9	100	100	100	2	100
2929	2.001	16	100	100	100	2	100
2930	2.001	24	100	100	100	2	100
2931	2.001	1	17	1	1	3	100
2932	2.001	39	3	100	1	3	100
2933	2.001	40	3	100	7	3	100
2934	2.001	39	11	100	7	3	100
2935	2.001	9	1	100	100	3	100
2936	2.001	40	13	100	7	4	100
2937	2.001	122	1	1	7	6	100
2938	2.001	18	1	100	7	100	100
2939	2.001	39	1	100	7	100	100
2940	2.001	9	100	100	7	100	100
2941	2.001	9	3	100	22	100	100
2942	2.001	10	100	100	22	100	100
2943	2.001	1	1	1	100	100	100
2944	2.001	39	11	1	100	100	100
2945	2.001	9	100	2	100	100	100
2946	2.001	11	1	100	100	100	100
2947	2.001	15	1	100	100	100	100
2948	2.001	29	1	100	100	100	100
2949	2.001	105	1	100	100	100	100
2950	2.001	58	3	100	100	100	100
2951	2.001	9	6	100	100	100	100
2952	2.001	39	6	100	100	100	100
2953	2.001	39	8	100	100	100	100
2954	2.001	39	10	100	100	100	100
2955	2.001	9	12	100	100	100	100
2956	2.001	18	13	100	100	100	100
2957	2.001	29	13	100	100	100	100
2958	2.001	39	13	100	100	100	100
2959	2.001	39	19	100	100	100	100
2960	2.001	39	24	100	100	100	100
2961	2.001	39	26	100	100	100	100
2962	2.001	10	100	100	100	100	100
2963	2.001	183	100	100	100	100	100
2964	2.002	1	3	1	1	3	2
2965	2.002	105	3	100	100	1	100
2966	2.002	25	5	100	100	1	100
2967	2.002	25	14	100	100	1	100
2968	2.002	25	100	100	100	1	100
2969	2.002	40	1	100	7	2	100
2970	2.002	40	13	100	7	2	100
2971	2.002	40	100	100	7	2	100
2972	2.002	57	3	1	100	2	100
2973	2.002	1	100	1	100	2	100
2974	2.002	11	1	100	100	2	100
2975	2.002	24	1	100	100	2	100
2976	2.002	105	1	100	100	2	100
2977	2.002	11	3	100	100	2	100
2978	2.002	105	5	100	100	2	100
2979	2.002	18	6	100	100	2	100
2980	2.002	18	14	100	100	2	100
2981	2.002	122	1	1	7	3	100
2982	2.002	40	3	1	7	3	100
2983	2.002	261	13	1	7	3	100
2984	2.002	47	14	1	7	3	100
2985	2.002	105	1	100	7	3	100
2986	2.002	9	100	100	7	3	100
2987	2.002	19	100	100	7	3	100
2988	2.002	105	100	100	100	3	100
2989	2.002	40	1	100	1	4	100
2990	2.002	40	8	1	7	4	100
2991	2.002	40	13	1	7	4	100
2992	2.002	5	13	100	7	4	100
2993	2.002	40	17	100	7	4	100
2994	2.002	105	1	100	100	4	100
2995	2.002	40	3	100	100	4	100
2996	2.002	89	8	100	100	4	100
2997	2.002	89	100	100	100	4	100
2998	2.002	19	1	1	1	9	100
2999	2.002	54	14	100	1	59	100
3000	2.002	9	13	100	100	100	100
3001	2.002	18	13	100	100	100	100
3002	2.017	1	100	1	100	2	100
3003	2.019	40	1	100	7	4	100
3004	5.002	122	13	1	7	3	2
3005	5.002	122	1	1	7	2	100
3006	5.002	38	1	1	1	3	100
3007	5.002	58	1	1	1	3	100
3008	5.002	15	6	1	1	3	100
3009	5.002	38	8	1	1	3	100
3010	5.002	38	12	1	1	3	100
3011	5.002	38	13	1	1	3	100
3012	5.002	5	17	1	1	3	100
3013	5.002	38	100	1	1	3	100
3014	5.002	58	100	1	1	3	100
3015	5.002	19	3	1	7	3	100
3016	5.002	57	14	1	7	3	100
3017	5.002	105	14	1	7	3	100
3018	5.002	122	100	1	7	3	100
3019	5.002	122	14	100	7	3	100
3020	5.002	1	1	1	100	3	100
3021	5.002	122	1	1	100	3	100
3022	5.002	1	3	1	100	3	100
3023	5.002	1	14	1	100	3	100
3024	5.002	1	17	1	100	3	100
3025	5.002	1	24	1	100	3	100
3026	5.002	1	35	1	100	3	100
3027	9.001	1	12	1	100	2	2
3028	9.001	1	8	1	100	2	6
3029	9.001	105	3	1	6	2	100
3030	9.001	105	17	1	6	2	100
3031	9.001	105	100	1	6	2	100
3032	9.001	1	3	1	7	2	100
3033	9.001	105	5	100	7	2	100
3034	9.001	105	3	100	22	2	100
3035	9.001	1	1	1	100	2	100
3036	9.001	25	4	1	100	2	100
3037	9.001	105	14	1	100	2	100
3038	9.001	105	16	1	100	2	100
3039	9.001	18	31	1	100	2	100
3040	9.001	10	100	1	100	2	100
3041	9.001	15	100	1	100	2	100
3042	9.001	21	1	100	100	2	100
3043	9.001	25	1	100	100	2	100
3044	9.001	82	1	100	100	2	100
3045	9.001	21	3	100	100	2	100
3046	9.001	105	6	100	100	2	100
3047	9.001	25	8	100	100	2	100
3048	9.001	105	13	100	100	2	100
3049	9.001	11	100	100	100	2	100
3050	9.001	15	100	100	100	2	100
3051	9.001	21	100	100	100	2	100
3052	9.001	105	3	1	100	7	100
3053	9.001	105	100	100	100	7	100
3054	9.001	9	1	100	1	100	100
3055	9.001	39	6	100	100	100	100
3056	9.001	9	100	100	100	100	100
3057	9.004	58	12	100	100	2	100
3058	11.001	5	100	100	100	2	100
3059	11.001	25	100	100	100	2	100
3060	12.007	9	1	100	100	100	100
3061	12.007	9	11	100	100	100	100
3062	13.001	19	100	1	1	3	100
3063	13.001	130	3	1	1	9	100
3064	13.001	19	10	1	1	9	100
3065	13.001	1	1	1	7	9	100
3066	13.001	19	3	1	100	9	100
3067	14.001	130	3	100	7	2	100
3068	14.001	10	3	1	100	2	100
3069	14.001	122	3	1	100	2	100
3070	14.001	1	10	1	100	2	100
3071	14.001	1	1	100	100	2	100
3072	14.001	1	3	100	100	2	100
3073	14.001	130	6	100	100	2	100
3074	14.001	130	8	100	100	2	100
3075	14.001	130	13	100	100	2	100
3076	14.001	1	100	100	100	2	100
3077	14.001	2	100	1	1	3	100
3078	14.001	10	13	100	2	4	100
3079	14.001	1	1	1	100	7	100
3080	14.001	29	14	100	100	7	100
3081	14.001	11	100	100	100	7	100
3082	14.001	19	8	1	100	9	100
3083	15.001	1	3	1	100	2	100
3084	15.001	1	8	1	100	2	100
3085	15.001	1	100	1	100	2	100
3086	15.001	5	3	100	100	2	100
3087	15.001	18	100	100	100	2	100
3088	17.001	122	1	1	7	3	100
3089	17.001	122	14	1	7	3	100
3090	18.001	36	10	1	2	24	2
3091	18.001	36	11	1	2	24	2
3092	18.001	36	100	1	2	24	2
3093	18.001	161	8	1	2	24	100
3094	19.001	38	1	1	7	2	100
3095	19.001	11	1	100	100	2	100
3096	19.001	11	100	100	100	2	100
3097	19.001	15	100	100	100	2	100
3098	19.001	39	1	1	7	3	100
3099	19.001	38	13	1	7	3	100
3100	19.001	38	100	1	7	3	100
3101	19.001	24	1	1	7	15	100
3102	19.001	16	10	1	7	15	100
3103	19.001	24	100	3	7	15	100
3104	19.001	47	4	1	21	21	100
3105	19.001	38	37	1	7	26	100
3106	19.001	5	13	1	7	43	100
3107	22.001	25	100	100	1	1	100
3108	22.001	25	1	100	22	1	100
3109	22.001	5	1	100	100	1	100
3110	22.001	9	1	100	100	1	100
3111	22.001	25	3	100	100	1	100
3112	22.001	5	100	100	100	1	100
3113	22.001	161	100	100	22	2	100
3114	22.001	19	1	1	100	2	100
3115	22.001	19	2	1	100	2	100
3116	22.001	19	3	1	100	2	100
3117	22.001	19	4	1	100	2	100
3118	22.001	9	1	100	100	2	100
3119	22.001	11	1	100	100	2	100
3120	22.001	21	1	100	100	2	100
3121	22.001	161	1	100	100	2	100
3122	22.001	11	3	100	100	2	100
3123	22.001	161	3	100	100	2	100
3124	22.001	161	8	100	100	2	100
3125	22.001	11	35	100	100	2	100
3126	22.001	15	100	100	100	2	100
3127	22.001	161	100	100	100	2	100
3128	22.001	1	1	1	1	3	100
3129	22.001	1	11	1	1	3	100
3130	22.001	10	100	100	1	3	100
3131	22.001	25	1	100	100	7	100
3132	22.001	25	3	100	100	7	100
3133	22.001	25	13	100	100	7	100
3134	22.001	15	1	100	100	57	100
3135	22.001	15	3	100	100	57	100
3136	22.001	25	3	100	100	100	100
3137	22.01	35	100	1	100	7	100
3138	34.001	25	1	1	100	2	100
3139	34.001	58	100	1	1	3	100
3140	34.001	130	1	100	1	3	100
3141	34.001	130	100	100	1	3	100
3142	34.002	19	8	1	7	9	100
3143	34.006	40	1	2	7	4	100
3144	34.006	40	1	100	7	4	100
3145	34.006	15	3	100	7	4	100
3146	34.006	40	100	100	7	4	100
3147	34.006	36	3	1	7	6	100
3148	34.015	89	13	100	7	4	100
3149	43.002	122	13	100	7	6	100
3150	44.001	36	8	1	1	24	2
3151	44.001	16	10	1	1	10	5
3152	44.001	122	14	1	7	3	100
3153	44.001	16	10	1	1	4	100
3154	44.001	16	6	1	1	10	100
3155	44.001	16	13	1	1	10	100
3156	44.001	16	14	1	1	10	100
3157	44.001	16	35	1	1	10	100
3158	44.001	54	100	1	1	10	100
3159	44.001	16	10	1	100	10	100
3160	44.001	18	100	1	100	10	100
3161	44.001	16	1	1	1	45	100
3162	44.001	161	1	1	1	45	100
3163	45.001	8	3	1	6	1	100
3164	45.001	8	1	100	6	1	100
3165	45.001	8	3	100	6	1	100
3166	45.001	15	100	100	6	1	100
3167	45.001	11	100	100	100	2	100
3168	45.001	15	3	100	6	7	100
3169	45.001	11	100	100	6	7	100
3170	45.001	9	1	100	100	100	100
3171	63.001	1	1	1	100	2	100
3172	63.001	9	1	100	100	100	100
3173	66.001	1	100	1	100	2	100
3174	68.001	19	6	1	100	2	100
3175	68.001	19	14	1	100	2	100
3176	69.001	54	100	100	7	20	100
3177	90.001	104	100	100	100	7	100